43.5265,
43.6843,
43.63959,
43.50546,
43.30295,
43.06888,
42.91897,
43.05573,
43.40815,
43.62118,
43.57384,
43.40026,
43.17408,
42.91371,
42.70594,
42.75065,
43.10044,
43.44497,
43.52387,
43.4213,
43.2372,
42.98998,
42.73487,
42.65071,
42.91108,
43.31084,
43.48442,
43.42656,
43.26613,
43.03995,
42.78747,
42.62178,
42.75854,
43.15304,
43.42656,
43.43445,
43.29769,
43.09518,
42.85322,
42.65071,
42.66649,
42.99787,
43.35818,
43.45812,
43.36344,
43.18986,
42.95316,
42.70594,
42.62441,
42.87689,
43.27665,
43.46075,
43.41078,
43.25561,
43.03469,
42.77958,
42.61652,
42.75591,
43.15567,
43.45023,
43.46864,
43.33188,
43.12674,
42.87689,
42.67175,
42.69016,
43.02154,
43.37922,
43.48442,
43.40026,
43.23194,
42.99524,
42.75065,
42.6586,
42.8953,
43.29506,
43.49757,
43.46338,
43.31873,
43.10044,
42.8427,
42.66912,
42.7901,
43.1846,
43.48968,
43.52124,
43.39763,
43.20301,
42.96368,
42.74802,
42.74539,
43.07414,
43.45812,
43.58436,
43.49757,
43.32662,
43.09518,
42.85322,
42.74539,
42.96105,
43.36344,
43.57384,
43.54228,
43.40026,
43.19512,
42.94001,
42.75065,
42.84796,
43.23194,
43.55017,
43.60014,
43.48442,
43.28454,
43.0268,
42.80325,
42.78747,
43.09781,
43.4739,
43.60277,
43.52124,
43.35555,
43.12411,
42.869,
42.74802,
42.95053,
43.35292,
43.57121,
43.53176,
43.37659,
43.1583,
42.89267,
42.69279,
42.77169,
43.14252,
43.4476,
43.47653,
43.35292,
43.1583,
42.89267,
42.64545,
42.606,
42.90319,
43.28454,
43.41604,
43.32662,
43.15041,
42.90845,
42.65597,
42.53236,
42.72172,
43.11096,
43.34503,
43.33188,
43.18723,
42.96894,
42.70331,
42.50606,
42.58233,
42.95316,
43.2898,
43.35029,
43.2372,
43.0531,
42.79799,
42.55603,
42.50606,
42.79273,
43.18986,
43.33977,
43.26613,
43.1057,
42.87689,
42.62967,
42.50869,
42.6849,
43.07414,
43.31873,
43.30558,
43.16356,
42.96105,
42.71383,
42.51395,
42.56918,
42.93475,
43.28191,
43.35292,
43.24772,
43.06625,
42.81114,
42.56392,
42.50606,
42.7901,
43.19512,
43.3687,
43.30821,
43.14515,
42.91634,
42.66649,
42.52184,
42.6849,
43.08992,
43.35029,
43.35292,
43.22142,
43.01628,
42.75854,
42.54814,
42.58496,
42.93212,
43.28191,
43.36344,
43.26876,
43.08992,
42.83481,
42.58233,
42.50869,
42.78221,
43.1846,
43.35292,
43.29769,
43.13989,
42.91634,
42.66649,
42.50869,
42.65597,
43.0531,
43.33188,
43.34503,
43.2109,
43.00839,
42.76117,
42.5534,
42.57444,
42.91897,
43.27665,
43.37133,
43.27665,
43.10044,
42.85848,
42.61126,
42.5271,
42.78484,
43.19512,
43.38448,
43.32925,
43.16882,
42.95053,
42.69805,
42.53499,
42.67175,
43.05836,
43.33451,
43.35029,
43.22142,
43.0268,
42.78484,
42.57707,
42.59022,
42.91897,
43.28191,
43.38448,
43.28717,
43.10833,
42.87163,
42.63493,
42.54288,
42.77432,
43.17408,
43.3687,
43.32925,
43.18986,
42.99524,
42.76117,
42.59811,
42.71909,
43.10307,
43.395,
43.41867,
43.28717,
43.08729,
42.85059,
42.65071,
42.65071,
42.96368,
43.32925,
43.44497,
43.36344,
43.19249,
42.95579,
42.70594,
42.60337,
42.82692,
43.22668,
43.42656,
43.37922,
43.23194,
43.01891,
42.75591,
42.55866,
42.65071,
43.02943,
43.33977,
43.37659,
43.25824,
43.05836,
42.80062,
42.56918,
42.54551,
42.85059,
43.22668,
43.35555,
43.27139,
43.09518,
42.85585,
42.61126,
42.48765,
42.6849,
43.08466,
43.30821,
43.27665,
43.12937,
42.91634,
42.6586,
42.4745,
42.56655,
42.94001,
43.25561,
43.30295,
43.1846,
42.99261,
42.74539,
42.51658,
42.49291,
42.79799,
43.18197,
43.32136,
43.24772,
43.07414,
42.83481,
42.58496,
42.46661,
42.66649,
43.07151,
43.30295,
43.27402,
43.132,
42.92949,
42.67964,
42.48239,
42.55077,
42.92423,
43.25035,
43.30295,
43.19249,
43.01102,
42.75854,
42.52447,
42.48765,
42.7901,
43.1846,
43.32662,
43.24246,
43.06625,
42.83218,
42.59285,
42.47187,
42.66123,
43.08203,
43.35029,
43.33977,
43.17408,
42.93475,
42.66649,
42.46924,
42.54025,
42.94527,
43.38448,
43.61329,
43.70797,
43.73427,
43.69219,
43.64485,
43.74216,
44.09721,
44.42596,
44.35758,
43.99727,
43.58436,
43.19249,
42.85848,
42.68753,
42.869,
43.32925,
43.65011,
43.67378,
43.52124,
43.27402,
42.96894,
42.71383,
42.71909,
43.05047,
43.38185,
43.4476,
43.33977,
43.15567,
42.90319,
42.65071,
42.57181,
42.83481,
43.23194,
43.40815,
43.34766,
43.17934,
42.95053,
42.70068,
42.54551,
42.6849,
43.07151,
43.3424,
43.35029,
43.2109,
42.99524,
42.74276,
42.54288,
42.58233,
42.94001,
43.29769,
43.38185,
43.28454,
43.1057,
42.86111,
42.61126,
42.53236,
42.79273,
43.19249,
43.37659,
43.32662,
43.17145,
42.94527,
42.69542,
42.5534,
42.69805,
43.08203,
43.36607,
43.38185,
43.23983,
43.03469,
42.79799,
42.60074,
42.61389,
42.94264,
43.30558,
43.40815,
43.3161,
43.14515,
42.91634,
42.6849,
42.59285,
42.82955,
43.23194,
43.42919,
43.39237,
43.24772,
43.03206,
42.77695,
42.606,
42.74013,
43.12937,
43.4213,
43.4476,
43.32662,
43.12937,
42.8953,
42.70331,
42.72172,
43.03995,
43.39763,
43.50809,
43.4213,
43.25824,
43.03469,
42.79799,
42.69805,
42.92949,
43.33451,
43.54491,
43.51335,
43.36607,
43.14515,
42.89004,
42.72435,
42.8427,
43.23457,
43.54754,
43.59225,
43.46601,
43.26613,
43.03206,
42.82429,
42.82429,
43.15304,
43.52913,
43.64222,
43.54491,
43.37133,
43.14252,
42.91634,
42.81903,
43.02943,
43.41867,
43.62118,
43.58436,
43.43971,
43.22405,
42.95842,
42.76643,
42.85585,
43.22142,
43.51861,
43.55017,
43.4213,
43.21616,
42.96105,
42.72961,
42.70331,
42.99524,
43.35292,
43.47127,
43.38448,
43.20564,
42.96631,
42.71909,
42.59811,
42.7901,
43.1846,
43.40552,
43.37396,
43.22405,
43.00576,
42.74276,
42.54551,
42.61915,
42.98998,
43.31347,
43.36344,
43.24246,
43.0531,
42.81114,
42.58496,
42.54288,
42.82692,
43.21353,
43.36081,
43.28191,
43.11359,
42.88215,
42.63756,
42.51395,
42.70068,
43.09781,
43.33977,
43.32662,
43.18723,
42.98472,
42.7375,
42.54551,
42.61389,
42.98209,
43.3161,
43.37133,
43.26087,
43.07677,
42.82429,
42.59022,
42.55077,
42.83481,
43.21616,
43.37396,
43.31347,
43.14515,
42.91108,
42.66386,
42.53236,
42.70857,
43.1057,
43.36344,
43.36344,
43.22931,
43.02154,
42.77169,
42.56392,
42.61652,
42.98209,
43.32136,
43.38448,
43.27928,
43.10044,
42.85585,
42.61389,
42.5534,
42.82955,
43.23194,
43.40026,
43.3424,
43.17934,
42.9479,
42.70331,
42.56392,
42.72172,
43.10833,
43.37659,
43.38448,
43.25298,
43.04784,
42.79273,
42.59022,
42.64019,
42.99787,
43.34503,
43.41867,
43.31084,
43.12937,
42.87952,
42.62967,
42.56392,
42.84007,
43.24772,
43.43182,
43.37396,
43.20301,
42.97683,
42.73224,
42.58233,
42.72172,
43.10833,
43.37922,
43.38974,
43.26613,
43.07414,
42.83218,
42.61915,
42.62967,
42.96368,
43.32399,
43.41604,
43.31347,
43.13463,
42.89793,
42.66386,
42.57707,
42.82429,
43.22668,
43.41867,
43.36607,
43.20564,
42.98998,
42.74013,
42.5797,
42.70594,
43.09255,
43.37922,
43.40289,
43.26876,
43.06625,
42.82429,
42.61652,
42.62178,
42.94527,
43.30558,
43.40815,
43.31084,
43.13463,
42.89793,
42.6586,
42.56655,
42.80588,
43.2109,
43.41078,
43.37133,
43.22405,
43.0005,
42.73224,
42.55866,
42.67701,
43.05836,
43.35292,
43.38448,
43.26087,
43.06888,
42.82955,
42.61389,
42.61652,
42.94001,
43.30558,
43.41867,
43.32925,
43.15041,
42.91634,
42.67438,
42.57181,
42.79273,
43.19249,
43.39763,
43.36344,
43.21879,
43.00313,
42.74802,
42.57181,
42.68227,
43.05836,
43.36081,
43.40026,
43.27402,
43.0794,
42.84533,
42.63493,
42.62178,
42.9216,
43.29243,
43.4213,
43.33977,
43.16882,
42.93212,
42.69279,
42.58496,
42.79273,
43.1846,
43.40026,
43.37659,
43.23457,
43.01891,
42.7638,
42.58496,
42.6849,
43.06362,
43.37396,
43.41867,
43.29769,
43.1057,
42.85848,
42.64282,
42.62441,
42.92686,
43.29769,
43.42919,
43.35555,
43.18723,
42.95842,
42.72961,
42.62178,
42.81114,
43.20038,
43.42919,
43.41341,
43.27665,
43.0794,
42.8427,
42.66386,
42.74276,
43.11359,
43.43971,
43.49494,
43.38185,
43.19512,
42.94001,
42.70594,
42.66649,
42.96105,
43.34766,
43.48968,
43.41341,
43.24772,
43.03206,
42.79799,
42.67175,
42.84796,
43.23194,
43.45286,
43.42393,
43.27665,
43.06099,
42.80062,
42.60337,
42.66912,
43.02943,
43.35555,
43.42393,
43.33714,
43.16356,
42.90845,
42.66912,
42.62178,
42.90319,
43.28717,
43.43182,
43.36081,
43.20038,
42.97683,
42.73487,
42.60337,
42.76643,
43.14778,
43.39763,
43.39237,
43.25298,
43.04258,
42.80588,
42.61652,
42.66123,
43.00576,
43.3424,
43.41341,
43.3161,
43.13989,
42.89267,
42.66386,
42.60863,
42.87689,
43.26087,
43.42393,
43.36607,
43.20564,
42.97946,
42.7375,
42.59548,
42.74276,
43.12937,
43.40026,
43.41341,
43.27928,
43.07677,
42.83218,
42.63493,
42.66912,
43.00839,
43.35292,
43.43182,
43.33451,
43.16356,
42.92423,
42.67701,
42.59548,
42.84533,
43.22668,
43.40026,
43.35818,
43.22142,
43.01891,
42.78221,
42.62704,
42.74013,
43.09781,
43.36081,
43.38711,
43.27402,
43.12937,
43.01365,
43.00313,
43.24246,
43.7895,
44.34969,
44.63373,
44.67844,
44.53642,
44.17348,
43.67378,
43.29769,
43.31347,
43.57121,
43.68693,
43.61592,
43.48442,
43.31084,
43.09781,
42.95316,
43.07414,
43.42919,
43.66589,
43.63696,
43.46075,
43.23194,
42.98472,
42.77695,
42.7901,
43.11359,
43.46864,
43.56332,
43.46075,
43.27928,
43.03995,
42.80062,
42.70331,
42.93212,
43.32662,
43.52387,
43.48179,
43.33451,
43.11359,
42.86374,
42.69805,
42.80325,
43.17408,
43.47127,
43.50809,
43.37922,
43.17934,
42.94264,
42.73487,
42.73487,
43.04521,
43.40815,
43.52124,
43.44234,
43.27402,
43.04521,
42.80588,
42.69805,
42.91634,
43.3161,
43.52387,
43.49231,
43.35555,
43.15304,
42.90056,
42.72435,
42.82166,
43.18723,
43.48968,
43.53439,
43.4213,
43.22931,
42.98735,
42.77169,
42.75854,
43.06625,
43.43708,
43.56332,
43.48968,
43.32399,
43.08992,
42.85059,
42.7375,
42.94527,
43.34766,
43.5791,
43.56332,
43.42393,
43.2109,
42.95842,
42.77958,
42.87952,
43.26087,
43.5791,
43.6317,
43.51335,
43.32136,
43.08466,
42.87426,
42.85059,
43.15041,
43.53439,
43.67378,
43.59488,
43.42656,
43.20038,
42.96631,
42.85585,
43.05047,
43.44497,
43.6843,
43.67115,
43.5265,
43.3161,
43.06625,
42.87952,
42.95842,
43.32662,
43.65537,
43.71323,
43.60014,
43.4213,
43.1846,
42.96631,
42.93475,
43.21879,
43.59488,
43.74216,
43.66852,
43.5002,
43.26613,
43.02943,
42.91634,
43.08992,
43.46601,
43.69482,
43.67378,
43.53176,
43.32136,
43.07151,
42.87689,
42.93212,
43.27928,
43.59751,
43.64485,
43.52124,
43.33714,
43.08729,
42.85059,
42.79273,
43.05573,
43.42393,
43.56595,
43.49231,
43.31873,
43.08466,
42.84533,
42.71383,
42.86374,
43.24246,
43.48705,
43.48968,
43.35818,
43.14252,
42.88215,
42.67964,
42.73224,
43.08466,
43.41867,
43.48968,
43.38974,
43.21353,
42.9742,
42.74013,
42.67175,
42.93738,
43.32925,
43.5002,
43.43708,
43.27402,
43.05047,
42.80851,
42.66912,
42.82429,
43.21353,
43.47127,
43.47127,
43.33451,
43.12937,
42.89267,
42.70068,
42.74013,
43.08466,
43.42656,
43.50283,
43.40026,
43.22405,
42.98472,
42.75065,
42.68227,
42.93475,
43.32136,
43.49494,
43.43445,
43.27402,
43.05047,
42.81114,
42.66912,
42.80588,
43.17934,
43.44497,
43.45812,
43.33188,
43.132,
42.89267,
42.69805,
42.71909,
43.04258,
43.38711,
43.47653,
43.38185,
43.20564,
42.96894,
42.7375,
42.66123,
42.90319,
43.2898,
43.46864,
43.41604,
43.2635,
43.04258,
42.80325,
42.64545,
42.76906,
43.14515,
43.41867,
43.42919,
43.29769,
43.10307,
42.86637,
42.66912,
42.67964,
43.0005,
43.35029,
43.45023,
43.36607,
43.20301,
42.9742,
42.72698,
42.62441,
42.84796,
43.2372,
43.42656,
43.38974,
43.24772,
43.03469,
42.78747,
42.62178,
42.72961,
43.09781,
43.38185,
43.41604,
43.30032,
43.09781,
42.85059,
42.64545,
42.64545,
42.95842,
43.32399,
43.42919,
43.33188,
43.16093,
42.93475,
42.70331,
42.60337,
42.82166,
43.21879,
43.42393,
43.38448,
43.24246,
43.03206,
42.77432,
42.59022,
42.69542,
43.07414,
43.37659,
43.40552,
43.28191,
43.08203,
42.8427,
42.63756,
42.6323,
42.93738,
43.29769,
43.41604,
43.33188,
43.16093,
42.92949,
42.69279,
42.58496,
42.79273,
43.18986,
43.40815,
43.38711,
43.25035,
43.03469,
42.77169,
42.58759,
42.67964,
43.05047,
43.36344,
43.40815,
43.28191,
43.09255,
42.85848,
42.64545,
42.62441,
42.91371,
43.28191,
43.41604,
43.33977,
43.17145,
42.94264,
42.70857,
42.59022,
42.77958,
43.17934,
43.41341,
43.38711,
43.23194,
43.01891,
42.76906,
42.57707,
42.65334,
43.02154,
43.3424,
43.38974,
43.27665,
43.09518,
42.85059,
42.61915,
42.58233,
42.87163,
43.25561,
43.40289,
43.33188,
43.16093,
42.92686,
42.68753,
42.56392,
42.74013,
43.13463,
43.37922,
43.3687,
43.22931,
43.02154,
42.77169,
42.57181,
42.62967,
42.99261,
43.33188,
43.39763,
43.29506,
43.11622,
42.869,
42.62704,
42.57444,
42.85585,
43.23983,
43.395,
43.33188,
43.16619,
42.93475,
42.70331,
42.58496,
42.7638,
43.16093,
43.42393,
43.42919,
43.2898,
43.08466,
42.83481,
42.6323,
42.67964,
43.0268,
43.35292,
43.41604,
43.31347,
43.13726,
42.89793,
42.66386,
42.60863,
42.87426,
43.25824,
43.41604,
43.3424,
43.17145,
42.94264,
42.70331,
42.56129,
42.69279,
43.06625,
43.32925,
43.33451,
43.20038,
43.00313,
42.77169,
42.5797,
42.60863,
42.94001,
43.27928,
43.3687,
43.26876,
43.08992,
42.85322,
42.61652,
42.53499,
42.77958,
43.16882,
43.3424,
43.28454,
43.12411,
42.90056,
42.66123,
42.52184,
42.66386,
43.03469,
43.29769,
43.31347,
43.18986,
42.98998,
42.75591,
42.55603,
42.57444,
42.89793,
43.24772,
43.34503,
43.25824,
43.08466,
42.8427,
42.606,
42.52447,
42.76117,
43.15041,
43.33977,
43.30558,
43.16093,
42.94001,
42.69279,
42.53762,
42.66123,
43.03469,
43.30821,
43.32925,
43.20038,
43.00576,
42.77432,
42.57707,
42.59022,
42.90319,
43.25035,
43.35029,
43.25298,
43.07151,
42.8427,
42.62704,
42.56392,
42.81903,
43.2109,
43.37396,
43.30032,
43.14778,
42.9479,
42.72172,
42.60863,
42.82955,
43.36607,
43.85788,
44.09984,
44.18926,
44.18663,
44.08406,
43.93941,
43.87629,
43.95782,
44.01042,
43.84473,
43.56858,
43.31084,
43.06888,
42.87426,
42.83481,
43.10833,
43.52913,
43.72112,
43.64222,
43.4476,
43.1846,
42.89004,
42.69016,
42.78484,
43.16093,
43.46864,
43.50546,
43.37396,
43.16619,
42.92686,
42.71909,
42.70331,
43.00313,
43.3687,
43.48705,
43.40289,
43.22931,
42.99787,
42.75854,
42.64808,
42.85059,
43.24246,
43.46075,
43.43708,
43.29769,
43.08203,
42.82692,
42.64808,
42.7375,
43.11622,
43.43445,
43.48705,
43.37396,
43.17145,
42.91371,
42.69542,
42.68227,
42.99261,
43.37396,
43.51072,
43.43445,
43.26087,
43.02943,
42.79799,
42.6849,
42.87426,
43.26876,
43.50283,
43.48968,
43.34766,
43.132,
42.87689,
42.69805,
42.7901,
43.16882,
43.49494,
43.54491,
43.42919,
43.24509,
43.01365,
42.80062,
42.76906,
43.0531,
43.43182,
43.57647,
43.50546,
43.33714,
43.10833,
42.87426,
42.75328,
42.94264,
43.33188,
43.56595,
43.55806,
43.42393,
43.22142,
42.98735,
42.80588,
42.87426,
43.23983,
43.57647,
43.64222,
43.53965,
43.36344,
43.12937,
42.8953,
42.8427,
43.132,
43.52913,
43.69219,
43.6317,
43.46601,
43.23983,
43.00839,
42.88741,
43.0531,
43.44497,
43.69745,
43.70008,
43.57121,
43.35555,
43.10307,
42.90845,
42.96368,
43.32136,
43.66326,
43.7369,
43.63696,
43.46075,
43.21353,
42.97683,
42.91897,
43.18986,
43.57384,
43.73164,
43.66589,
43.49757,
43.2635,
43.02154,
42.88741,
43.03995,
43.41604,
43.658,
43.64748,
43.50283,
43.28717,
43.03995,
42.8427,
42.87689,
43.20827,
43.5265,
43.5791,
43.46338,
43.27139,
43.02154,
42.78221,
42.71383,
42.96894,
43.34766,
43.51072,
43.44497,
43.27665,
43.04784,
42.80851,
42.67175,
42.80851,
43.1846,
43.44497,
43.44234,
43.29769,
43.09781,
42.86111,
42.66649,
42.69542,
43.02417,
43.36607,
43.4476,
43.34766,
43.17145,
42.94001,
42.7112,
42.63493,
42.88215,
43.26876,
43.45286,
43.40552,
43.24772,
43.02417,
42.7901,
42.64545,
42.76906,
43.14515,
43.42393,
43.44234,
43.31347,
43.11096,
42.88215,
42.69279,
42.70857,
43.0268,
43.37396,
43.4739,
43.38185,
43.19775,
42.96368,
42.72961,
42.6323,
42.86374,
43.26613,
43.45812,
43.40815,
43.25298,
43.03206,
42.78484,
42.62704,
42.75328,
43.132,
43.41604,
43.43971,
43.31347,
43.11622,
42.87163,
42.66386,
42.66912,
42.99261,
43.35818,
43.46075,
43.36081,
43.17934,
42.94527,
42.71383,
42.61652,
42.8427,
43.23983,
43.43971,
43.40815,
43.27402,
43.0531,
42.78747,
42.61389,
42.72435,
43.09781,
43.39237,
43.43445,
43.31084,
43.10044,
42.85059,
42.64019,
42.63493,
42.95053,
43.32399,
43.43971,
43.35029,
43.16882,
42.92949,
42.69016,
42.5797,
42.79536,
43.19775,
43.40815,
43.38185,
43.23457,
43.01365,
42.76117,
42.58759,
42.68753,
43.06625,
43.37396,
43.40815,
43.27402,
43.07677,
42.8427,
42.63756,
42.62178,
42.91897,
43.28454,
43.41341,
43.3424,
43.17145,
42.93475,
42.69279,
42.5797,
42.77169,
43.16882,
43.40289,
43.38711,
43.23983,
43.02417,
42.77169,
42.58496,
42.66386,
43.03995,
43.36344,
43.41604,
43.29506,
43.10307,
42.86111,
42.64019,
42.60863,
42.8953,
43.27402,
43.41604,
43.34503,
43.17408,
42.94527,
42.71383,
42.59285,
42.77169,
43.16356,
43.39763,
43.37659,
43.2372,
43.03469,
42.78747,
42.58759,
42.65071,
43.01891,
43.34766,
43.40289,
43.2898,
43.1057,
42.86111,
42.62967,
42.58759,
42.87426,
43.25824,
43.41078,
43.34503,
43.17145,
42.94001,
42.70594,
42.58496,
42.75328,
43.13989,
43.38185,
43.3687,
43.22405,
43.01891,
42.77432,
42.58759,
42.64808,
43.0005,
43.33188,
43.40289,
43.30032,
43.11622,
42.86374,
42.62704,
42.5797,
42.86111,
43.24509,
43.40552,
43.3424,
43.17934,
42.95053,
42.7112,
42.58496,
42.75065,
43.13463,
43.38448,
43.38448,
43.24772,
43.03206,
42.78484,
42.58759,
42.62967,
42.98209,
43.32399,
43.395,
43.29506,
43.11359,
42.86637,
42.6323,
42.57181,
42.83481,
43.22405,
43.38974,
43.33977,
43.19249,
42.98209,
42.75854,
42.62441,
42.76906,
43.15041,
43.41341,
43.41867,
43.28454,
43.08203,
42.8427,
42.64282,
42.66912,
42.99524,
43.33451,
43.41604,
43.32662,
43.16619,
42.94001,
42.70331,
42.61915,
42.85585,
43.23194,
43.39763,
43.33977,
43.17671,
42.9479,
42.70594,
42.55603,
42.69016,
43.07677,
43.35029,
43.36607,
43.23983,
43.03732,
42.79273,
42.58496,
42.60337,
42.93738,
43.2898,
43.37922,
43.28191,
43.10044,
42.85322,
42.61389,
42.53236,
42.77958,
43.16619,
43.33977,
43.2898,
43.14515,
42.92686,
42.68227,
42.53499,
42.66386,
43.03469,
43.31084,
43.33188,
43.20564,
43.00313,
42.76906,
42.57707,
42.58496,
42.8953,
43.23983,
43.3424,
43.25561,
43.08203,
42.85322,
42.62178,
42.5271,
42.75591,
43.14778,
43.34503,
43.30821,
43.16619,
42.95053,
42.70594,
42.54288,
42.65334,
43.02943,
43.32399,
43.35818,
43.23194,
43.02154,
42.77958,
42.58496,
42.58759,
42.88478,
43.22931,
43.32925,
43.23983,
43.08466,
42.87426,
42.64019,
42.52184,
42.69542,
43.04784,
43.23983,
43.22142,
43.11096,
42.95842,
42.83481,
42.8427,
43.1583,
43.76057,
44.28394,
44.50749,
44.49171,
44.28657,
43.90259,
43.44234,
43.17145,
43.27928,
43.52913,
43.59751,
43.51072,
43.36607,
43.17934,
42.97683,
42.87426,
43.06888,
43.43971,
43.61592,
43.53965,
43.35818,
43.11359,
42.84796,
42.67175,
42.77432,
43.14778,
43.45286,
43.48705,
43.35555,
43.1583,
42.9216,
42.70594,
42.67964,
42.9742,
43.34503,
43.47653,
43.39237,
43.21353,
42.97683,
42.72961,
42.606,
42.79799,
43.19775,
43.43182,
43.41604,
43.27928,
43.06888,
42.81377,
42.62441,
42.70857,
43.08466,
43.40552,
43.45286,
43.33451,
43.14778,
42.91108,
42.69279,
42.66649,
42.95579,
43.33188,
43.4739,
43.40289,
43.23457,
43.00313,
42.76117,
42.64808,
42.83744,
43.23457,
43.47653,
43.46601,
43.32662,
43.11359,
42.869,
42.69279,
42.76906,
43.132,
43.46075,
43.51598,
43.40815,
43.22405,
42.98472,
42.76643,
42.73224,
43.01102,
43.38974,
43.54228,
43.47916,
43.3161,
43.09518,
42.86637,
42.74276,
42.91108,
43.30295,
43.55017,
43.54754,
43.41867,
43.22668,
42.98735,
42.7901,
42.84533,
43.2109,
43.5528,
43.62381,
43.52387,
43.35292,
43.10307,
42.86374,
42.8164,
43.10044,
43.49757,
43.66063,
43.59751,
43.43971,
43.21879,
42.98998,
42.86111,
43.01628,
43.41078,
43.67378,
43.67378,
43.53702,
43.32925,
43.08466,
42.89004,
42.93738,
43.28717,
43.62907,
43.71323,
43.61329,
43.42919,
43.17934,
42.94264,
42.87952,
43.14515,
43.54228,
43.7106,
43.63959,
43.47127,
43.2372,
42.98472,
42.84007,
42.98472,
43.36607,
43.62644,
43.62118,
43.47127,
43.25824,
43.00313,
42.79273,
42.8164,
43.14778,
43.48705,
43.55806,
43.45549,
43.27665,
43.0268,
42.77958,
42.70068,
42.94527,
43.32925,
43.49757,
43.43708,
43.27928,
43.0531,
42.80851,
42.66386,
42.80062,
43.18197,
43.45549,
43.46601,
43.33188,
43.12411,
42.88478,
42.6849,
42.70857,
43.04258,
43.39237,
43.47916,
43.38711,
43.21616,
42.97946,
42.74539,
42.6586,
42.89793,
43.29243,
43.47916,
43.42919,
43.28191,
43.06888,
42.82166,
42.6586,
42.77958,
43.15567,
43.44234,
43.46601,
43.3424,
43.14252,
42.90056,
42.69542,
42.70331,
43.02417,
43.38448,
43.49231,
43.40552,
43.23457,
43.00576,
42.76643,
42.66386,
42.89267,
43.28454,
43.47127,
43.43182,
43.2898,
43.07151,
42.82166,
42.65597,
42.76906,
43.15304,
43.4476,
43.47653,
43.35029,
43.14778,
42.90056,
42.69542,
42.70068,
43.01628,
43.37659,
43.48968,
43.40552,
43.22931,
42.99261,
42.75328,
42.65597,
42.87426,
43.2635,
43.46338,
43.43445,
43.30032,
43.08466,
42.82429,
42.64545,
42.74539,
43.11885,
43.42919,
43.47653,
43.34766,
43.14252,
42.89793,
42.69016,
42.67438,
42.9742,
43.3424,
43.46864,
43.38974,
43.2109,
42.9742,
42.73224,
42.61652,
42.8164,
43.21879,
43.44497,
43.42656,
43.28191,
43.06625,
42.8164,
42.64019,
42.72698,
43.09255,
43.40815,
43.45812,
43.33714,
43.14252,
42.90845,
42.70068,
42.67438,
42.96631,
43.33714,
43.46864,
43.38711,
43.21616,
42.98472,
42.75065,
42.63493,
42.82166,
43.21353,
43.43708,
43.40815,
43.2635,
43.0531,
42.80325,
42.61915,
42.70068,
43.07151,
43.39237,
43.44234,
43.32925,
43.13989,
42.8953,
42.67438,
42.64282,
42.92686,
43.29243,
43.42656,
43.35555,
43.19249,
42.96894,
42.7375,
42.62178,
42.80851,
43.20301,
43.44234,
43.42656,
43.28191,
43.07151,
42.82429,
42.6323,
42.68753,
43.03995,
43.37133,
43.44497,
43.35029,
43.16093,
42.90319,
42.67175,
42.63493,
42.91897,
43.30558,
43.46338,
43.39237,
43.21616,
42.98209,
42.74276,
42.62441,
42.79273,
43.17934,
43.4213,
43.41078,
43.27402,
43.07151,
42.82692,
42.6323,
42.69016,
43.04258,
43.37133,
43.43708,
43.33714,
43.16356,
42.91897,
42.67438,
42.60337,
42.869,
43.26876,
43.45549,
43.41604,
43.26087,
43.03469,
42.79799,
42.67175,
42.83218,
43.22668,
43.48968,
43.48705,
43.33714,
43.11885,
42.86637,
42.67175,
42.71383,
43.06362,
43.40289,
43.48179,
43.38974,
43.21616,
42.97157,
42.72435,
42.64282,
42.88741,
43.26876,
43.43971,
43.38711,
43.21616,
42.97157,
42.72961,
42.59285,
42.73224,
43.11885,
43.395,
43.40815,
43.27139,
43.05573,
42.80851,
42.60863,
42.64019,
42.98209,
43.32925,
43.41078,
43.31084,
43.12411,
42.87952,
42.64808,
42.57707,
42.83218,
43.22405,
43.40026,
43.34503,
43.19249,
42.97683,
42.73487,
42.59022,
42.72961,
43.1057,
43.36081,
43.3687,
43.23983,
43.03469,
42.79273,
42.59811,
42.62441,
42.95842,
43.30558,
43.395,
43.30558,
43.13726,
42.90845,
42.67438,
42.58759,
42.8164,
43.20301,
43.40026,
43.36607,
43.21616,
42.98998,
42.74276,
42.58759,
42.70857,
43.0794,
43.36081,
43.38711,
43.26087,
43.05047,
42.80851,
42.606,
42.60863,
42.92423,
43.28717,
43.41604,
43.35029,
43.1846,
42.9479,
42.68227,
42.54814,
42.76643,
43.17934,
43.39763,
43.40815,
43.37659,
43.33977,
43.29506,
43.34503,
43.67904,
44.25238,
44.6837,
44.7626,
44.53642,
44.07617,
43.5265,
43.07414,
42.91371,
43.15304,
43.50546,
43.65011,
43.62381,
43.48705,
43.2635,
43.01102,
42.87163,
43.04521,
43.40289,
43.57384,
43.51072,
43.3424,
43.11885,
42.86374,
42.68227,
42.78221,
43.15041,
43.43708,
43.46864,
43.3424,
43.13989,
42.89267,
42.67175,
42.65597,
42.95842,
43.32662,
43.4476,
43.36081,
43.18723,
42.9479,
42.70857,
42.60074,
42.81377,
43.21616,
43.43445,
43.41341,
43.26876,
43.05836,
42.81377,
42.63756,
42.72172,
43.08992,
43.40026,
43.45023,
43.33714,
43.14515,
42.90319,
42.68227,
42.6586,
42.95842,
43.33714,
43.47916,
43.40552,
43.2372,
43.01102,
42.77695,
42.66386,
42.85848,
43.25824,
43.48968,
43.46864,
43.32662,
43.10833,
42.86111,
42.68227,
42.76643,
43.12937,
43.45023,
43.50283,
43.38711,
43.20564,
42.98209,
42.77432,
42.73487,
43.02154,
43.40289,
43.54491,
43.47653,
43.31873,
43.09255,
42.86111,
42.74802,
42.93475,
43.32925,
43.56858,
43.55806,
43.42919,
43.22668,
42.97683,
42.78747,
42.86374,
43.23194,
43.55806,
43.62118,
43.52387,
43.35029,
43.10307,
42.87952,
42.84796,
43.14252,
43.52124,
43.66852,
43.60803,
43.4476,
43.21879,
42.98209,
42.85585,
43.02943,
43.4213,
43.66589,
43.66589,
43.53176,
43.3161,
43.06362,
42.87426,
42.93475,
43.29769,
43.63433,
43.70008,
43.58699,
43.39237,
43.13989,
42.90056,
42.85059,
43.12674,
43.50546,
43.65537,
43.58699,
43.41078,
43.16619,
42.91108,
42.77169,
42.92686,
43.30558,
43.54754,
43.53439,
43.38448,
43.16619,
42.90319,
42.69016,
42.72435,
43.06888,
43.39763,
43.46075,
43.35292,
43.17408,
42.92686,
42.69279,
42.62441,
42.87163,
43.25298,
43.4213,
43.36081,
43.19249,
42.96105,
42.72961,
42.59285,
42.73224,
43.11096,
43.37396,
43.38448,
43.25035,
43.04784,
42.80588,
42.59548,
42.61652,
42.95579,
43.30295,
43.395,
43.30295,
43.12937,
42.89004,
42.65597,
42.58233,
42.82429,
43.2109,
43.39237,
43.35292,
43.20038,
42.98209,
42.74802,
42.60074,
42.71909,
43.08992,
43.35555,
43.37396,
43.24772,
43.04258,
42.80851,
42.61389,
42.63493,
42.95842,
43.30295,
43.40026,
43.30821,
43.13726,
42.91108,
42.68227,
42.59548,
42.81903,
43.20564,
43.395,
43.35292,
43.19775,
42.97683,
42.74276,
42.59548,
42.71909,
43.08466,
43.35818,
43.38185,
43.25298,
43.04521,
42.80851,
42.61389,
42.62967,
42.94001,
43.28191,
43.37659,
43.28717,
43.11622,
42.88741,
42.65597,
42.56655,
42.79273,
43.17934,
43.36081,
43.31347,
43.16882,
42.95842,
42.71383,
42.54814,
42.66386,
43.03206,
43.30821,
43.32662,
43.20301,
43.01365,
42.78747,
42.59285,
42.59285,
42.88741,
43.23983,
43.35029,
43.27139,
43.10307,
42.87689,
42.64808,
42.54288,
42.74539,
43.12937,
43.33188,
43.30558,
43.16619,
42.94264,
42.69279,
42.52973,
42.6323,
42.99787,
43.28717,
43.32399,
43.20564,
43.00839,
42.77695,
42.5797,
42.56655,
42.86374,
43.22405,
43.33977,
43.25561,
43.08992,
42.86374,
42.6323,
42.52184,
42.72961,
43.12148,
43.33188,
43.30558,
43.16882,
42.95316,
42.69542,
42.51395,
42.60863,
42.97946,
43.28454,
43.32662,
43.20564,
43.01628,
42.78747,
42.5797,
42.54814,
42.83481,
43.19775,
43.32399,
43.24772,
43.08729,
42.86637,
42.63493,
42.51921,
42.70857,
43.10044,
43.32662,
43.30558,
43.16619,
42.96105,
42.71646,
42.53236,
42.61126,
42.96894,
43.27665,
43.32662,
43.21353,
43.02417,
42.78747,
42.57707,
42.54288,
42.82692,
43.19775,
43.33977,
43.26876,
43.09781,
42.869,
42.63756,
42.51921,
42.69805,
43.08466,
43.3161,
43.30032,
43.1583,
42.94527,
42.70068,
42.51658,
42.5797,
42.93475,
43.25824,
43.3161,
43.20564,
43.01891,
42.78221,
42.56655,
42.52973,
42.80851,
43.1846,
43.33188,
43.2635,
43.09518,
42.86637,
42.63756,
42.51658,
42.69016,
43.07414,
43.31347,
43.30821,
43.18197,
42.98209,
42.7375,
42.54551,
42.60074,
42.95316,
43.27665,
43.3424,
43.25035,
43.0794,
42.8427,
42.62178,
42.58233,
42.86111,
43.24772,
43.40815,
43.3424,
43.17408,
42.95053,
42.71646,
42.58233,
42.74276,
43.12674,
43.37922,
43.38185,
43.24772,
43.03995,
42.79273,
42.59811,
42.64808,
42.99524,
43.31873,
43.37922,
43.27665,
43.08992,
42.83481,
42.59548,
42.52973,
42.78484,
43.17145,
43.33714,
43.28191,
43.12411,
42.8953,
42.65334,
42.51921,
42.6849,
43.0794,
43.32925,
43.32136,
43.18723,
42.98209,
42.7375,
42.53236,
42.56392,
42.90845,
43.24772,
43.32399,
43.22668,
43.0531,
42.81114,
42.56918,
42.49554,
42.74802,
43.13989,
43.32136,
43.26876,
43.10833,
42.88478,
42.64808,
42.51395,
42.65071,
43.0268,
43.29243,
43.30295,
43.17145,
42.97157,
42.72961,
42.53236,
42.55866,
42.8953,
43.24509,
43.32925,
43.23457,
43.06625,
42.82955,
42.59285,
42.52184,
42.77695,
43.16619,
43.34503,
43.29243,
43.13463,
42.91634,
42.68227,
42.53762,
42.65334,
43.01365,
43.28191,
43.29506,
43.16882,
42.98735,
42.76117,
42.55603,
42.56392,
42.86111,
43.17145,
43.24772,
43.16356,
43.00839,
42.82429,
42.70857,
42.80588,
43.25824,
43.87629,
44.29709,
44.44963,
44.42333,
44.22871,
43.86051,
43.45286,
43.30558,
43.46864,
43.61329,
43.56595,
43.41078,
43.23457,
43.05047,
42.89267,
42.91897,
43.23194,
43.55017,
43.59751,
43.46075,
43.25035,
42.98472,
42.73487,
42.63493,
42.86637,
43.2635,
43.46601,
43.42919,
43.28191,
43.06625,
42.80851,
42.63493,
42.7375,
43.11096,
43.40552,
43.44234,
43.3161,
43.11359,
42.87163,
42.66386,
42.65597,
42.96631,
43.32925,
43.44497,
43.36344,
43.19512,
42.96368,
42.72961,
42.62178,
42.83744,
43.23983,
43.4476,
43.41867,
43.27928,
43.05836,
42.80588,
42.63756,
42.74276,
43.10833,
43.40815,
43.44497,
43.32136,
43.12937,
42.90056,
42.69805,
42.68227,
42.97946,
43.35029,
43.48179,
43.40552,
43.23983,
43.00839,
42.76906,
42.6586,
42.86374,
43.25824,
43.47127,
43.4476,
43.32136,
43.11885,
42.86637,
42.68227,
42.77432,
43.14515,
43.45812,
43.51598,
43.40552,
43.21353,
42.97946,
42.77695,
42.75328,
43.04258,
43.4213,
43.56332,
43.49231,
43.32925,
43.10307,
42.87426,
42.76906,
42.9742,
43.37396,
43.59751,
43.57384,
43.43445,
43.22668,
42.98735,
42.81377,
42.90056,
43.2635,
43.58173,
43.63696,
43.5265,
43.3424,
43.11359,
42.89793,
42.86374,
43.15567,
43.53965,
43.67904,
43.6054,
43.43971,
43.21353,
42.97946,
42.86637,
43.05047,
43.44234,
43.67641,
43.66063,
43.52387,
43.31873,
43.07151,
42.88478,
42.95053,
43.29769,
43.61066,
43.66589,
43.55543,
43.36607,
43.12674,
42.90056,
42.84533,
43.11359,
43.47916,
43.61592,
43.53702,
43.36081,
43.12937,
42.8953,
42.76643,
42.92423,
43.29769,
43.52913,
43.51335,
43.37133,
43.1583,
42.90845,
42.7112,
42.76117,
43.10044,
43.41604,
43.4739,
43.36607,
43.18197,
42.94264,
42.71909,
42.66386,
42.92423,
43.30295,
43.45812,
43.38974,
43.22668,
43.00839,
42.78747,
42.66386,
42.8164,
43.18986,
43.43445,
43.43708,
43.30821,
43.1057,
42.86637,
42.67175,
42.71383,
43.06099,
43.38974,
43.46075,
43.36081,
43.1846,
42.94527,
42.71646,
42.66123,
42.91897,
43.2898,
43.45023,
43.40026,
43.24772,
43.0268,
42.80062,
42.66912,
42.80851,
43.17671,
43.42919,
43.43182,
43.30032,
43.10833,
42.88215,
42.69016,
42.71646,
43.04521,
43.37922,
43.46338,
43.36607,
43.18197,
42.94264,
42.71909,
42.65334,
42.90056,
43.27928,
43.4476,
43.395,
43.2372,
43.02154,
42.79536,
42.6586,
42.79536,
43.16619,
43.42393,
43.42919,
43.30032,
43.1057,
42.87426,
42.68227,
42.70068,
43.01628,
43.35292,
43.43708,
43.34503,
43.17408,
42.94264,
42.71646,
42.64019,
42.88478,
43.26613,
43.43971,
43.39237,
43.23983,
43.02943,
42.80325,
42.65071,
42.76643,
43.13726,
43.41078,
43.42919,
43.30295,
43.1057,
42.86637,
42.66123,
42.66912,
42.98472,
43.33188,
43.43445,
43.35292,
43.1846,
42.95053,
42.71646,
42.61915,
42.84796,
43.24246,
43.43182,
43.39237,
43.24772,
43.03206,
42.79273,
42.64019,
42.75065,
43.11359,
43.39763,
43.42656,
43.30295,
43.10833,
42.87426,
42.67438,
42.67701,
42.99261,
43.35292,
43.45812,
43.36344,
43.1846,
42.9479,
42.7112,
42.60863,
42.82955,
43.21616,
43.40815,
43.3687,
43.23194,
43.02943,
42.78484,
42.61389,
42.72435,
43.09518,
43.38448,
43.41604,
43.29243,
43.09518,
42.85848,
42.6586,
42.65334,
42.95053,
43.31084,
43.42656,
43.3424,
43.16882,
42.94001,
42.70594,
42.60074,
42.81114,
43.19775,
43.40289,
43.37659,
43.24246,
43.03469,
42.79273,
42.61915,
42.70068,
43.06099,
43.3687,
43.40815,
43.28717,
43.09255,
42.85585,
42.65071,
42.63756,
42.93212,
43.2898,
43.41604,
43.34503,
43.18723,
42.97683,
42.75591,
42.64808,
42.84533,
43.23983,
43.46075,
43.44234,
43.30558,
43.09518,
42.8427,
42.65334,
42.73224,
43.09518,
43.41078,
43.46601,
43.35292,
43.16093,
42.92423,
42.70857,
42.6849,
42.97157,
43.32399,
43.44234,
43.35292,
43.17671,
42.94527,
42.70857,
42.58759,
42.77695,
43.17671,
43.40552,
43.37922,
43.2372,
43.02417,
42.7638,
42.57444,
42.66123,
43.02943,
43.34503,
43.39763,
43.28191,
43.08992,
42.85322,
42.64019,
42.60337,
42.88478,
43.25035,
43.38185,
43.30821,
43.13463,
42.90056,
42.66649,
42.55077,
42.73487,
43.12674,
43.36344,
43.35029,
43.2109,
42.99787,
42.75591,
42.57181,
42.64019,
42.99787,
43.32136,
43.38448,
43.27139,
43.08203,
42.84533,
42.63493,
42.59811,
42.87163,
43.24246,
43.39237,
43.32925,
43.17408,
42.95842,
42.73487,
42.61126,
42.77432,
43.15567,
43.39763,
43.395,
43.26613,
43.05573,
42.80588,
42.60863,
42.6586,
43.00576,
43.32662,
43.38974,
43.29243,
43.12674,
42.90319,
42.67964,
42.60863,
42.84796,
43.18723,
43.31873,
43.26087,
43.12411,
42.95579,
42.85848,
42.92423,
43.30032,
43.90785,
44.37862,
44.55483,
44.54168,
44.34706,
43.96834,
43.5265,
43.31347,
43.46338,
43.6843,
43.70008,
43.5791,
43.41867,
43.21616,
43.00839,
42.95842,
43.22142,
43.58436,
43.69745,
43.58436,
43.37659,
43.11622,
42.85848,
42.71646,
42.87163,
43.25824,
43.51072,
43.50283,
43.35818,
43.14778,
42.90056,
42.69542,
42.72961,
43.06888,
43.40552,
43.47653,
43.3687,
43.18723,
42.94527,
42.71383,
42.65597,
42.91371,
43.2898,
43.45023,
43.39237,
43.2372,
43.02154,
42.79273,
42.65597,
42.79799,
43.17934,
43.43971,
43.44234,
43.30821,
43.10307,
42.86374,
42.67175,
42.70594,
43.04258,
43.38711,
43.48179,
43.40026,
43.22931,
43.00313,
42.77958,
42.69805,
42.94001,
43.33188,
43.51598,
43.46601,
43.31347,
43.10307,
42.87426,
42.72435,
42.85322,
43.2372,
43.52124,
43.54228,
43.41341,
43.21353,
42.97946,
42.78484,
42.80588,
43.13463,
43.48179,
43.57121,
43.47916,
43.31084,
43.0794,
42.86374,
42.79273,
43.02417,
43.40552,
43.60014,
43.56595,
43.42393,
43.20564,
42.96631,
42.81903,
42.9479,
43.33188,
43.61329,
43.63696,
43.51861,
43.32136,
43.08729,
42.89267,
42.90845,
43.22668,
43.5791,
43.68693,
43.6054,
43.43445,
43.20301,
42.97946,
42.89267,
43.11622,
43.5002,
43.69482,
43.66063,
43.51598,
43.29769,
43.0531,
42.89004,
43.00839,
43.38974,
43.68167,
43.70797,
43.57647,
43.37659,
43.14252,
42.94001,
42.93212,
43.2372,
43.58962,
43.69482,
43.60014,
43.42656,
43.19512,
42.94527,
42.83481,
43.04521,
43.42656,
43.61855,
43.57121,
43.41604,
43.18197,
42.9216,
42.74539,
42.85059,
43.21353,
43.49494,
43.51861,
43.38974,
43.18723,
42.94264,
42.73224,
42.72172,
43.02417,
43.37396,
43.4739,
43.37922,
43.20564,
42.9742,
42.74013,
42.64019,
42.85059,
43.2372,
43.43971,
43.40289,
43.26613,
43.05836,
42.81114,
42.63493,
42.72698,
43.08992,
43.38711,
43.42919,
43.3161,
43.12937,
42.89267,
42.68227,
42.66912,
42.96631,
43.33451,
43.45812,
43.37922,
43.20038,
42.96105,
42.72698,
42.62178,
42.82955,
43.22668,
43.4476,
43.42393,
43.27928,
43.06362,
42.8164,
42.63756,
42.72435,
43.08992,
43.40289,
43.45549,
43.33451,
43.13989,
42.90056,
42.68227,
42.66123,
42.95579,
43.32136,
43.4476,
43.3687,
43.20301,
42.98209,
42.75591,
42.64019,
42.82429,
43.21353,
43.42393,
43.395,
43.25561,
43.04784,
42.79799,
42.61652,
42.69279,
43.05047,
43.3687,
43.4213,
43.30558,
43.11359,
42.87952,
42.66912,
42.62967,
42.90319,
43.27402,
43.41867,
43.34766,
43.17671,
42.9479,
42.71383,
42.59548,
42.76643,
43.15304,
43.395,
43.38448,
43.24772,
43.03732,
42.79273,
42.606,
42.66386,
43.01891,
43.34766,
43.40815,
43.29243,
43.10307,
42.869,
42.64282,
42.59548,
42.87426,
43.25824,
43.40815,
43.33451,
43.16882,
42.94264,
42.7112,
42.58496,
42.75591,
43.14515,
43.38974,
43.38448,
43.25035,
43.03995,
42.78484,
42.59022,
42.64282,
42.99261,
43.32399,
43.395,
43.2898,
43.09518,
42.85848,
42.64545,
42.60074,
42.869,
43.24246,
43.40289,
43.35029,
43.1846,
42.94527,
42.7112,
42.58496,
42.74013,
43.12411,
43.37133,
43.37133,
43.24246,
43.03732,
42.78484,
42.58233,
42.6323,
42.98998,
43.32662,
43.395,
43.28717,
43.09518,
42.84796,
42.62178,
42.57181,
42.83744,
43.21616,
43.37659,
43.32399,
43.16882,
42.94527,
42.7112,
42.58233,
42.73224,
43.10833,
43.3687,
43.38185,
43.24772,
43.02943,
42.77695,
42.58759,
42.62704,
42.96368,
43.30295,
43.38974,
43.29769,
43.11885,
42.87426,
42.64282,
42.57444,
42.82429,
43.20827,
43.38711,
43.33977,
43.18197,
42.95842,
42.72435,
42.58496,
42.72435,
43.10044,
43.37396,
43.39763,
43.27665,
43.07677,
42.83744,
42.64808,
42.67964,
43.01102,
43.35292,
43.43708,
43.3424,
43.16882,
42.92423,
42.68753,
42.61389,
42.86637,
43.25298,
43.42393,
43.37659,
43.22142,
42.99261,
42.74539,
42.59548,
42.72172,
43.08992,
43.35029,
43.35818,
43.21879,
43.00576,
42.76117,
42.56392,
42.59022,
42.9216,
43.26876,
43.36081,
43.27139,
43.10044,
42.86637,
42.6323,
42.54551,
42.77695,
43.1583,
43.33714,
43.29243,
43.13726,
42.91897,
42.6849,
42.53236,
42.65597,
43.03469,
43.31347,
43.32662,
43.19775,
43.0005,
42.7638,
42.56392,
42.56918,
42.88478,
43.23457,
43.33714,
43.25035,
43.0794,
42.84796,
42.61389,
42.52184,
42.74539,
43.13463,
43.32925,
43.2898,
43.14515,
42.93738,
42.70331,
42.54025,
42.64282,
43.01102,
43.30032,
43.33451,
43.21353,
43.01628,
42.78221,
42.5797,
42.5797,
42.8953,
43.25824,
43.3687,
43.27928,
43.10307,
42.86374,
42.62441,
42.51395,
42.72435,
43.11885,
43.3424,
43.33188,
43.19512,
42.97157,
42.69542,
42.49554,
42.58759,
42.95579,
43.26087,
43.36081,
43.37659,
43.37133,
43.35292,
43.37659,
43.59751,
44.08932,
44.57587,
44.71263,
44.49697,
44.0525,
43.52124,
43.05047,
42.80062,
42.94527,
43.32662,
43.56332,
43.59225,
43.50283,
43.29769,
43.02417,
42.81114,
42.86111,
43.17934,
43.43708,
43.4476,
43.31347,
43.11622,
42.88478,
42.67964,
42.66123,
42.9479,
43.29506,
43.40552,
43.31873,
43.15041,
42.92686,
42.67964,
42.5534,
42.75854,
43.15304,
43.36344,
43.32662,
43.17671,
42.96894,
42.72435,
42.54814,
42.63493,
42.99787,
43.30032,
43.35029,
43.2372,
43.04521,
42.81114,
42.61126,
42.60074,
42.89004,
43.24509,
43.37659,
43.31873,
43.16356,
42.94264,
42.71909,
42.61389,
42.80588,
43.18986,
43.40552,
43.38185,
43.25035,
43.0531,
42.81903,
42.64282,
42.71909,
43.06888,
43.38185,
43.43445,
43.31873,
43.132,
42.91634,
42.71909,
42.68753,
42.96368,
43.33188,
43.4739,
43.40552,
43.24509,
43.03206,
42.8164,
42.70857,
42.88741,
43.25824,
43.47127,
43.45549,
43.33188,
43.13989,
42.90319,
42.72435,
42.79536,
43.15304,
43.46601,
43.52387,
43.42656,
43.25298,
43.02943,
42.81903,
42.7901,
43.07414,
43.4476,
43.58962,
43.52913,
43.37659,
43.1583,
42.93475,
42.82429,
43.00313,
43.38448,
43.61592,
43.6054,
43.4739,
43.27402,
43.03732,
42.86111,
42.92423,
43.27139,
43.58962,
43.65011,
43.54228,
43.36607,
43.13989,
42.92949,
42.88741,
43.14778,
43.50546,
43.64485,
43.5791,
43.42393,
43.20564,
42.98209,
42.86374,
43.01628,
43.37922,
43.60803,
43.59488,
43.45023,
43.2372,
42.99261,
42.79536,
42.83481,
43.17408,
43.49231,
43.5528,
43.44234,
43.25035,
42.98998,
42.74802,
42.6849,
42.94001,
43.30558,
43.45812,
43.395,
43.22931,
43.00576,
42.78221,
42.65334,
42.78221,
43.12937,
43.37133,
43.37396,
43.23983,
43.03469,
42.79799,
42.606,
42.64282,
42.9742,
43.30821,
43.38448,
43.2898,
43.11885,
42.88478,
42.65334,
42.59022,
42.84533,
43.22668,
43.395,
43.33714,
43.18197,
42.97157,
42.74539,
42.61652,
42.75854,
43.12674,
43.38185,
43.38448,
43.25298,
43.05836,
42.82166,
42.62441,
42.66123,
43.0005,
43.33714,
43.41604,
43.32662,
43.15567,
42.91634,
42.69279,
42.62704,
42.87426,
43.25298,
43.42656,
43.38185,
43.22668,
43.01102,
42.78221,
42.64282,
42.77695,
43.14778,
43.40289,
43.40815,
43.28191,
43.08729,
42.85322,
42.65597,
42.68227,
43.01628,
43.36081,
43.44497,
43.34503,
43.16356,
42.92686,
42.70594,
42.6323,
42.86637,
43.24509,
43.4213,
43.3687,
43.2109,
42.99524,
42.76906,
42.6323,
42.75591,
43.12937,
43.40026,
43.41604,
43.28454,
43.08466,
42.84533,
42.64019,
42.64808,
42.96894,
43.3161,
43.40815,
43.3161,
43.14515,
42.91371,
42.68753,
42.606,
42.84007,
43.22142,
43.40026,
43.35292,
43.20301,
43.0005,
42.77432,
42.61652,
42.72961,
43.10307,
43.37396,
43.38711,
43.26087,
43.06099,
42.83218,
42.63756,
42.64282,
42.95316,
43.30558,
43.40552,
43.31873,
43.14778,
42.9216,
42.69279,
42.59811,
42.81377,
43.19512,
43.38974,
43.36081,
43.22405,
43.01102,
42.77432,
42.61652,
42.72172,
43.08203,
43.36344,
43.395,
43.27928,
43.08729,
42.84796,
42.64019,
42.63756,
42.94264,
43.29506,
43.40289,
43.32136,
43.15041,
42.9216,
42.6849,
42.58759,
42.81114,
43.20038,
43.395,
43.35292,
43.20301,
42.98472,
42.74802,
42.59285,
42.70068,
43.06625,
43.34766,
43.37396,
43.25561,
43.06625,
42.83481,
42.63493,
42.62704,
42.92686,
43.27928,
43.395,
43.31347,
43.14252,
42.91897,
42.69016,
42.58759,
42.79536,
43.17671,
43.38185,
43.35818,
43.22668,
43.01628,
42.76906,
42.59548,
42.69016,
43.05573,
43.35292,
43.38711,
43.26613,
43.07677,
42.85585,
42.66123,
42.64019,
42.92423,
43.27928,
43.40026,
43.32662,
43.15567,
42.92949,
42.70068,
42.58233,
42.77695,
43.16882,
43.38711,
43.35818,
43.22405,
43.01891,
42.77432,
42.60074,
42.6849,
43.04784,
43.34766,
43.38711,
43.26613,
43.07677,
42.84533,
42.64545,
42.62704,
42.91371,
43.28454,
43.42919,
43.36607,
43.20827,
42.98998,
42.76117,
42.64282,
42.83481,
43.22142,
43.43182,
43.40026,
43.25824,
43.05573,
42.82166,
42.64545,
42.71646,
43.06362,
43.3687,
43.43182,
43.32925,
43.13726,
42.89267,
42.67438,
42.63493,
42.8953,
43.23983,
43.36607,
43.29243,
43.12937,
42.91634,
42.70068,
42.59811,
42.77695,
43.14515,
43.35029,
43.32662,
43.19249,
42.99787,
42.76117,
42.58496,
42.65597,
42.99524,
43.29506,
43.34766,
43.24246,
43.06099,
42.83481,
42.63756,
42.60337,
42.85059,
43.19249,
43.33451,
43.26876,
43.10833,
42.89793,
42.69016,
42.57444,
42.73487,
43.10833,
43.33188,
43.32136,
43.18986,
42.98998,
42.75591,
42.58233,
42.64019,
42.97683,
43.29243,
43.36081,
43.25561,
43.07677,
42.85322,
42.64808,
42.59811,
42.86374,
43.22931,
43.3687,
43.29769,
43.14778,
42.94264,
42.72435,
42.60074,
42.75591,
43.12411,
43.35292,
43.3424,
43.21879,
43.02417,
42.78221,
42.58759,
42.62441,
42.96368,
43.29769,
43.37659,
43.27928,
43.09518,
42.83744,
42.59548,
42.53499,
42.79799,
43.1846,
43.40552,
43.48705,
43.52387,
43.52124,
43.52387,
43.62118,
43.94993,
44.43122,
44.67318,
44.51538,
44.11299,
43.63959,
43.20564,
42.90582,
42.90319,
43.22931,
43.57647,
43.6843,
43.61329,
43.45286,
43.21353,
42.95842,
42.85059,
43.0531,
43.37659,
43.5002,
43.42919,
43.27139,
43.06362,
42.85059,
42.71909,
42.84007,
43.18986,
43.43708,
43.44497,
43.32399,
43.13989,
42.91108,
42.71646,
42.72961,
43.03732,
43.36607,
43.45286,
43.36344,
43.20038,
42.97683,
42.75591,
42.68227,
42.91371,
43.27665,
43.44497,
43.395,
43.23194,
43.01891,
42.81377,
42.69279,
42.8164,
43.17408,
43.42919,
43.43971,
43.31084,
43.12148,
42.91108,
42.72698,
42.74013,
43.05047,
43.37922,
43.46338,
43.37659,
43.21879,
43.00576,
42.79536,
42.71383,
42.92949,
43.29243,
43.46864,
43.43182,
43.28191,
43.07677,
42.86374,
42.73224,
42.85322,
43.21353,
43.4739,
43.49231,
43.37133,
43.18723,
42.97157,
42.78484,
42.79273,
43.1057,
43.4476,
43.54228,
43.46338,
43.30295,
43.0794,
42.85848,
42.78221,
43.01365,
43.39237,
43.57121,
43.53176,
43.39237,
43.18986,
42.9742,
42.8427,
42.95842,
43.31084,
43.57384,
43.59488,
43.47653,
43.30032,
43.09255,
42.91108,
42.9216,
43.22668,
43.56595,
43.66852,
43.58173,
43.40815,
43.18723,
42.97683,
42.8953,
43.11359,
43.48705,
43.67115,
43.62907,
43.47653,
43.27402,
43.06099,
42.91634,
43.02417,
43.37133,
43.63959,
43.66589,
43.54754,
43.35029,
43.12411,
42.92686,
42.9216,
43.22142,
43.55806,
43.65274,
43.56595,
43.395,
43.1583,
42.92949,
42.82955,
43.03469,
43.39763,
43.57647,
43.52913,
43.37659,
43.17145,
42.94527,
42.77958,
42.85848,
43.19512,
43.46864,
43.48968,
43.36344,
43.17671,
42.95579,
42.75591,
42.73487,
43.01365,
43.34766,
43.45023,
43.36607,
43.20564,
42.99261,
42.77958,
42.67964,
42.87163,
43.23457,
43.42656,
43.40026,
43.27402,
43.07414,
42.84533,
42.67964,
42.76117,
43.10044,
43.38185,
43.4213,
43.31084,
43.12674,
42.91108,
42.72435,
42.71909,
43.00313,
43.33714,
43.43182,
43.34503,
43.18986,
42.98735,
42.77432,
42.66649,
42.85585,
43.22405,
43.42919,
43.40552,
43.26876,
43.07151,
42.84533,
42.6849,
42.76906,
43.11359,
43.395,
43.42919,
43.31347,
43.13463,
42.9216,
42.73224,
42.71646,
42.99261,
43.33188,
43.44497,
43.3687,
43.20827,
42.99524,
42.77169,
42.66123,
42.84533,
43.2109,
43.41341,
43.395,
43.27139,
43.0794,
42.85585,
42.69016,
42.7638,
43.09781,
43.38974,
43.4476,
43.34766,
43.16093,
42.93475,
42.7375,
42.70068,
42.96894,
43.32136,
43.45023,
43.37922,
43.21353,
43.00313,
42.7901,
42.67964,
42.85848,
43.23194,
43.43708,
43.40815,
43.27402,
43.08203,
42.86637,
42.70331,
42.76643,
43.09781,
43.38974,
43.43971,
43.33451,
43.1583,
42.94527,
42.74539,
42.7112,
42.96894,
43.31084,
43.43445,
43.36607,
43.20827,
43.0005,
42.7901,
42.67175,
42.83481,
43.20564,
43.42393,
43.40552,
43.26613,
43.06625,
42.8427,
42.66912,
42.72435,
43.05573,
43.35818,
43.41604,
43.30558,
43.12411,
42.91634,
42.72435,
42.68227,
42.94001,
43.29243,
43.42393,
43.3424,
43.18723,
42.99787,
42.78747,
42.65597,
42.81114,
43.17671,
43.40289,
43.38974,
43.25561,
43.06099,
42.83481,
42.66386,
42.71909,
43.04784,
43.34766,
43.40289,
43.29769,
43.11885,
42.90582,
42.70857,
42.66123,
42.91108,
43.26087,
43.40026,
43.33977,
43.18723,
42.98472,
42.77695,
42.65597,
42.79799,
43.15304,
43.38448,
43.38185,
43.24772,
43.05047,
42.84007,
42.67175,
42.71909,
43.04258,
43.33714,
43.38974,
43.28717,
43.12411,
42.92686,
42.7375,
42.68227,
42.92949,
43.29243,
43.45023,
43.40289,
43.24509,
43.03206,
42.81377,
42.68227,
42.8164,
43.16356,
43.39237,
43.39763,
43.28191,
43.10044,
42.88741,
42.7112,
42.74276,
43.06099,
43.37396,
43.43445,
43.32399,
43.14778,
42.92686,
42.7112,
42.63493,
42.85585,
43.20564,
43.36081,
43.31347,
43.16882,
42.97157,
42.76117,
42.62704,
42.75328,
43.11096,
43.35555,
43.35555,
43.21879,
43.0268,
42.81114,
42.62441,
42.64808,
42.96368,
43.27928,
43.34766,
43.25824,
43.09781,
42.87952,
42.66912,
42.606,
42.84533,
43.20827,
43.36081,
43.30295,
43.15304,
42.9479,
42.73487,
42.60337,
42.72961,
43.08203,
43.32399,
43.32925,
43.20564,
43.01891,
42.80588,
42.62178,
42.64282,
42.95842,
43.28717,
43.36607,
43.28191,
43.12148,
42.90056,
42.6849,
42.61389,
42.8427,
43.20564,
43.36344,
43.30558,
43.1583,
42.96105,
42.75591,
42.61915,
42.72961,
43.07677,
43.31873,
43.32136,
43.19512,
43.01102,
42.8164,
42.65071,
42.67175,
42.97683,
43.27928,
43.32662,
43.22405,
43.07677,
42.87952,
42.70594,
42.72961,
43.12148,
43.69219,
44.08406,
44.26027,
44.31287,
44.25238,
44.09721,
43.88155,
43.77372,
43.82895,
43.82369,
43.67378,
43.47916,
43.27139,
43.07151,
42.93212,
42.98472,
43.30558,
43.62118,
43.67378,
43.54228,
43.3424,
43.08466,
42.82955,
42.72435,
42.92949,
43.2898,
43.46601,
43.41341,
43.25298,
43.04521,
42.83481,
42.69016,
42.7901,
43.12937,
43.38448,
43.395,
43.26613,
43.0794,
42.869,
42.6849,
42.6849,
42.98209,
43.30558,
43.38974,
43.30295,
43.15041,
42.94001,
42.72435,
42.63493,
42.83744,
43.19775,
43.37659,
43.33714,
43.19249,
42.99524,
42.78484,
42.64019,
42.73487,
43.07414,
43.3424,
43.37396,
43.25824,
43.07414,
42.87426,
42.69805,
42.70068,
42.98998,
43.32399,
43.42656,
43.35555,
43.20301,
42.99524,
42.78484,
42.69542,
42.90582,
43.27139,
43.45023,
43.40815,
43.2635,
43.07151,
42.87163,
42.72961,
42.82692,
43.17934,
43.45023,
43.47127,
43.35555,
43.18723,
42.98735,
42.80851,
42.79799,
43.0794,
43.41867,
43.5265,
43.45549,
43.30295,
43.09518,
42.89267,
42.80062,
42.99261,
43.35818,
43.55017,
43.52387,
43.39763,
43.20827,
42.99524,
42.85059,
42.93738,
43.27665,
43.55806,
43.60277,
43.49757,
43.3161,
43.10833,
42.92423,
42.91371,
43.18986,
43.51598,
43.62118,
43.5528,
43.40289,
43.20038,
42.98472,
42.87952,
43.06625,
43.43182,
43.62381,
43.60014,
43.46864,
43.28191,
43.06888,
42.90056,
42.96368,
43.29243,
43.56595,
43.59488,
43.47916,
43.29769,
43.08729,
42.89267,
42.86111,
43.11885,
43.43971,
43.53965,
43.45812,
43.29769,
43.08466,
42.86111,
42.74013,
42.90582,
43.25298,
43.43445,
43.40026,
43.2635,
43.06625,
42.84533,
42.67438,
42.72961,
43.04784,
43.32925,
43.37396,
43.26613,
43.08203,
42.87163,
42.6849,
42.64545,
42.89793,
43.23194,
43.35029,
43.27665,
43.11885,
42.9216,
42.71909,
42.606,
42.77169,
43.12937,
43.32925,
43.31084,
43.18197,
42.99787,
42.78747,
42.62178,
42.6849,
43.01102,
43.29506,
43.34503,
43.23983,
43.06888,
42.86637,
42.68227,
42.65071,
42.90845,
43.24246,
43.35818,
43.2898,
43.14515,
42.95579,
42.74802,
42.6323,
42.78747,
43.132,
43.33714,
43.32662,
43.20827,
43.03206,
42.81903,
42.64545,
42.70331,
43.03206,
43.31873,
43.36344,
43.25824,
43.08466,
42.88741,
42.70594,
42.66386,
42.90845,
43.25035,
43.38185,
43.32136,
43.17145,
42.97157,
42.7638,
42.64545,
42.80062,
43.15567,
43.35818,
43.33977,
43.21879,
43.04258,
42.83218,
42.66386,
42.7112,
43.0268,
43.31347,
43.36081,
43.25298,
43.08729,
42.88741,
42.69805,
42.65334,
42.89793,
43.2372,
43.36081,
43.2898,
43.13989,
42.94527,
42.74539,
42.62441,
42.76906,
43.11885,
43.33188,
43.32662,
43.2109,
43.03469,
42.82166,
42.64282,
42.6849,
43.00576,
43.30821,
43.36081,
43.25561,
43.08203,
42.88215,
42.69542,
42.63756,
42.87163,
43.20827,
43.3424,
43.28454,
43.14252,
42.95053,
42.74539,
42.62441,
42.76906,
43.11885,
43.33977,
43.33188,
43.2109,
43.03469,
42.82692,
42.64545,
42.66649,
42.9742,
43.27928,
43.33977,
43.24772,
43.08729,
42.87952,
42.67964,
42.61915,
42.85322,
43.20038,
43.34503,
43.29243,
43.14778,
42.95053,
42.74013,
42.60863,
42.74013,
43.09255,
43.32399,
43.32399,
43.20038,
43.01365,
42.80325,
42.62704,
42.65597,
42.96105,
43.26613,
43.33451,
43.24509,
43.08466,
42.87426,
42.67701,
42.61652,
42.84796,
43.18986,
43.33451,
43.28717,
43.14515,
42.94527,
42.7375,
42.61389,
42.74013,
43.07414,
43.29769,
43.30032,
43.18986,
43.01891,
42.81114,
42.62967,
42.64545,
42.94264,
43.24509,
43.31873,
43.2372,
43.0794,
42.87163,
42.67964,
42.61915,
42.84007,
43.1846,
43.33714,
43.28454,
43.13726,
42.9479,
42.75065,
42.61915,
42.73224,
43.07151,
43.31084,
43.30821,
43.17934,
43.00313,
42.80325,
42.62967,
42.64282,
42.94001,
43.25035,
43.32925,
43.24772,
43.09781,
42.89793,
42.69805,
42.62441,
42.82955,
43.16619,
43.31873,
43.27402,
43.13989,
42.95579,
42.75854,
42.62704,
42.73224,
43.06888,
43.30821,
43.3161,
43.20038,
43.02417,
42.82166,
42.64282,
42.64545,
42.92949,
43.24246,
43.32399,
43.24509,
43.1057,
42.91108,
42.71383,
42.64282,
42.85848,
43.20827,
43.37396,
43.33714,
43.20301,
43.01891,
42.81903,
42.67701,
42.76906,
43.09255,
43.33188,
43.35029,
43.23983,
43.07151,
42.87426,
42.69805,
42.69805,
42.98209,
43.27665,
43.3424,
43.25824,
43.1057,
42.90056,
42.69542,
42.60863,
42.79273,
43.12411,
43.28454,
43.25035,
43.12148,
42.94264,
42.75328,
42.61652,
42.69805,
43.01891,
43.26613,
43.28717,
43.17408,
43.00313,
42.80588,
42.62704,
42.61915,
42.89267,
43.20564,
43.2898,
43.20301,
43.04521,
42.85848,
42.67438,
42.58759,
42.77432,
43.10833,
43.26087,
43.22142,
43.09518,
42.91897,
42.73487,
42.60074,
42.68227,
42.99787,
43.24509,
43.26876,
43.16882,
43.01102,
42.81903,
42.64545,
42.6323,
42.88741,
43.18197,
43.26876,
43.20038,
43.06888,
42.88478,
42.69805,
42.61126,
42.78747,
43.10833,
43.26613,
43.2372,
43.11622,
42.94527,
42.75854,
42.61652,
42.6849,
42.98472,
43.22931,
43.25298,
43.14252,
42.97683,
42.81377,
42.67701,
42.67175,
42.90319,
43.17145,
43.23194,
43.13989,
43.0005,
42.83744,
42.69279,
42.69805,
43.0268,
43.55543,
43.94467,
44.13666,
44.22345,
44.2103,
44.1051,
43.92626,
43.80791,
43.83158,
43.8158,
43.64748,
43.43445,
43.23457,
43.07151,
42.96368,
42.98735,
43.25298,
43.56069,
43.63433,
43.51861,
43.33451,
43.11359,
42.90056,
42.78747,
42.94264,
43.26876,
43.43971,
43.40026,
43.27928,
43.11359,
42.92949,
42.78221,
42.84007,
43.132,
43.36607,
43.38185,
43.27402,
43.11622,
42.95053,
42.79799,
42.76117,
42.98209,
43.28191,
43.38711,
43.3161,
43.17408,
43.00839,
42.8427,
42.74013,
42.87952,
43.19512,
43.37922,
43.36344,
43.24509,
43.0794,
42.89793,
42.75591,
42.81377,
43.1057,
43.35555,
43.38711,
43.28191,
43.12674,
42.95579,
42.79799,
42.76117,
42.98735,
43.2898,
43.40289,
43.35029,
43.22405,
43.04784,
42.86637,
42.76117,
42.90319,
43.22142,
43.40815,
43.395,
43.28454,
43.12674,
42.9479,
42.80325,
42.85059,
43.13726,
43.395,
43.43708,
43.35029,
43.20827,
43.03995,
42.87952,
42.84533,
43.06888,
43.37133,
43.48968,
43.43708,
43.30558,
43.132,
42.95579,
42.85322,
42.99261,
43.31347,
43.51072,
43.50546,
43.40552,
43.25824,
43.08203,
42.92686,
42.95842,
43.22931,
43.48968,
43.55543,
43.47916,
43.33714,
43.16882,
43.01628,
42.9742,
43.18197,
43.47653,
43.59488,
43.5528,
43.43182,
43.26613,
43.09255,
42.98209,
43.1057,
43.41867,
43.60803,
43.58962,
43.47653,
43.32399,
43.15041,
43.0005,
43.0268,
43.29506,
43.55543,
43.61066,
43.52387,
43.37922,
43.20038,
43.01891,
42.95316,
43.15304,
43.45286,
43.56858,
43.51072,
43.37133,
43.19775,
43.01628,
42.88741,
42.98998,
43.2898,
43.4739,
43.45286,
43.33977,
43.17408,
42.97946,
42.81114,
42.83218,
43.08992,
43.3424,
43.395,
43.30821,
43.16356,
42.98998,
42.8164,
42.75328,
42.94527,
43.23983,
43.36344,
43.31873,
43.20038,
43.03469,
42.84796,
42.72435,
42.83481,
43.13726,
43.32925,
43.32925,
43.22668,
43.07151,
42.8953,
42.74013,
42.76117,
43.02943,
43.2898,
43.34503,
43.26613,
43.13726,
42.97157,
42.79799,
42.72961,
42.91897,
43.22142,
43.35555,
43.3161,
43.18986,
43.02154,
42.85059,
42.7375,
42.84007,
43.13463,
43.33188,
43.33714,
43.23983,
43.08729,
42.91108,
42.76117,
42.77695,
43.03732,
43.30558,
43.37133,
43.29243,
43.15041,
42.98209,
42.8164,
42.74276,
42.92686,
43.22931,
43.36344,
43.3161,
43.19249,
43.03206,
42.86374,
42.74013,
42.83218,
43.13463,
43.34503,
43.35029,
43.25298,
43.10044,
42.9216,
42.7638,
42.76643,
43.0268,
43.30558,
43.37133,
43.29243,
43.15304,
42.97946,
42.80851,
42.73224,
42.90845,
43.21353,
43.35029,
43.31347,
43.19512,
43.02943,
42.85848,
42.7375,
42.82955,
43.12411,
43.33188,
43.3424,
43.24246,
43.08992,
42.90845,
42.74539,
42.75591,
43.01365,
43.28454,
43.35555,
43.28717,
43.15041,
42.96368,
42.78484,
42.70857,
42.88741,
43.19775,
43.34503,
43.30821,
43.17934,
43.01365,
42.84533,
42.72698,
42.81377,
43.11096,
43.32662,
43.33451,
43.23194,
43.08203,
42.91108,
42.74539,
42.72698,
42.96894,
43.24509,
43.32399,
43.25824,
43.12674,
42.95579,
42.78484,
42.71909,
42.90056,
43.20038,
43.33977,
43.30032,
43.17671,
43.01365,
42.85059,
42.73224,
42.80588,
43.09255,
43.30558,
43.31873,
43.22142,
43.07677,
42.90582,
42.75065,
42.74276,
42.98472,
43.25824,
43.33714,
43.26876,
43.13463,
42.96631,
42.7901,
42.70331,
42.87426,
43.18723,
43.33451,
43.30032,
43.17934,
43.01628,
42.85059,
42.72961,
42.80062,
43.08466,
43.30032,
43.32136,
43.22931,
43.08466,
42.91371,
42.75065,
42.74013,
42.98472,
43.2635,
43.3424,
43.27928,
43.15304,
42.97946,
42.79536,
42.70331,
42.87689,
43.19512,
43.35292,
43.32136,
43.19512,
43.01628,
42.83481,
42.71646,
42.79536,
43.08729,
43.3161,
43.33714,
43.2372,
43.08203,
42.89793,
42.72961,
42.73224,
43.0005,
43.30032,
43.39237,
43.32662,
43.19249,
43.01365,
42.82955,
42.74539,
42.92949,
43.25824,
43.41604,
43.37133,
43.24246,
43.07151,
42.88741,
42.75328,
42.83744,
43.14778,
43.39237,
43.4213,
43.31347,
43.13989,
42.93738,
42.75854,
42.74802,
43.00313,
43.28717,
43.36081,
43.27928,
43.13463,
42.94527,
42.75591,
42.66912,
42.85585,
43.19512,
43.36344,
43.32136,
43.18723,
43.01102,
42.82955,
42.69805,
42.77432,
43.07677,
43.31873,
43.33188,
43.21616,
43.05047,
42.86374,
42.69805,
42.68753,
42.95053,
43.25824,
43.3424,
43.26087,
43.11622,
42.92686,
42.73224,
42.64019,
42.82429,
43.16619,
43.33714,
43.30821,
43.18197,
43.0005,
42.80325,
42.66123,
42.73487,
43.04784,
43.30032,
43.32662,
43.22142,
43.05836,
42.86374,
42.69016,
42.67701,
42.9479,
43.27402,
43.37922,
43.30558,
43.14515,
42.94527,
42.74802,
42.65071,
42.82955,
43.17671,
43.35818,
43.33188,
43.20301,
43.01365,
42.80325,
42.64545,
42.7112,
43.03469,
43.30821,
43.35029,
43.24246,
43.05836,
42.83481,
42.61652,
42.5797,
42.85585,
43.20301,
43.34766,
43.39237,
43.4213,
43.41867,
43.41867,
43.55017,
43.94993,
44.447,
44.68633,
44.57061,
44.22345,
43.74479,
43.27928,
42.97157,
42.97683,
43.27928,
43.57121,
43.65274,
43.58173,
43.42919,
43.22142,
43.00576,
42.92949,
43.14515,
43.42919,
43.49757,
43.39763,
43.2372,
43.03732,
42.83218,
42.72435,
42.89793,
43.24509,
43.42656,
43.395,
43.27139,
43.08466,
42.85848,
42.69279,
42.75854,
43.07414,
43.3424,
43.38448,
43.28454,
43.10833,
42.90056,
42.71909,
42.70331,
42.97683,
43.31084,
43.41867,
43.35029,
43.20301,
43.00576,
42.79799,
42.69279,
42.86374,
43.21353,
43.41078,
43.395,
43.27402,
43.08466,
42.86637,
42.71383,
42.78747,
43.11359,
43.395,
43.43971,
43.33714,
43.16882,
42.96368,
42.77695,
42.75065,
43.00839,
43.33977,
43.46075,
43.39763,
43.25035,
43.05047,
42.8427,
42.73487,
42.91108,
43.26876,
43.46601,
43.45286,
43.33714,
43.15041,
42.93475,
42.77432,
42.84007,
43.17145,
43.45286,
43.50283,
43.40026,
43.2372,
43.03995,
42.86374,
42.83481,
43.08729,
43.42393,
43.5528,
43.48968,
43.3424,
43.15041,
42.95316,
42.8427,
43.00839,
43.3687,
43.57647,
43.56595,
43.44234,
43.25561,
43.03995,
42.88215,
42.94001,
43.2635,
43.56069,
43.62644,
43.52913,
43.35029,
43.13989,
42.96105,
42.92949,
43.17934,
43.52387,
43.658,
43.59225,
43.43708,
43.23983,
43.03469,
42.91371,
43.06362,
43.41604,
43.63433,
43.62381,
43.49757,
43.30821,
43.08466,
42.90845,
42.95842,
43.27139,
43.55543,
43.6054,
43.5002,
43.31347,
43.08466,
42.87689,
42.82692,
43.06625,
43.39763,
43.52124,
43.45286,
43.2898,
43.07414,
42.85848,
42.73224,
42.87689,
43.22142,
43.42919,
43.41604,
43.2898,
43.09255,
42.86111,
42.67964,
42.72172,
43.03732,
43.33188,
43.38711,
43.28454,
43.11622,
42.91108,
42.71383,
42.66386,
42.91108,
43.25035,
43.37922,
43.31347,
43.1583,
42.95842,
42.75328,
42.62967,
42.77958,
43.13989,
43.36607,
43.35292,
43.22142,
43.03206,
42.8164,
42.64545,
42.69279,
43.01365,
43.31347,
43.37133,
43.27402,
43.11359,
42.90056,
42.69542,
42.63756,
42.87163,
43.21879,
43.36344,
43.30821,
43.16093,
42.97157,
42.77169,
42.64545,
42.77695,
43.132,
43.35818,
43.35292,
43.22931,
43.04784,
42.83744,
42.66123,
42.69016,
42.99261,
43.2898,
43.35292,
43.26087,
43.10044,
42.89004,
42.69016,
42.63493,
42.869,
43.2109,
43.35555,
43.30295,
43.15567,
42.96105,
42.75591,
42.62704,
42.75591,
43.10307,
43.33188,
43.33451,
43.21616,
43.03206,
42.8164,
42.63756,
42.66912,
42.97946,
43.28454,
43.35029,
43.2635,
43.11359,
42.90845,
42.69016,
42.60074,
42.81903,
43.17408,
43.33451,
43.2898,
43.13989,
42.94264,
42.7375,
42.60863,
42.7375,
43.08729,
43.31873,
43.32399,
43.20564,
43.02417,
42.80588,
42.62178,
42.64282,
42.95053,
43.26087,
43.33714,
43.25298,
43.09255,
42.88215,
42.67438,
42.606,
42.8427,
43.19775,
43.35292,
43.29506,
43.14252,
42.95053,
42.75328,
42.62178,
42.73224,
43.07414,
43.31347,
43.31873,
43.19249,
43.00576,
42.79273,
42.61126,
42.63493,
42.94527,
43.25561,
43.32925,
43.24509,
43.09255,
42.87952,
42.67175,
42.60337,
42.82166,
43.16356,
43.31873,
43.27665,
43.13726,
42.94527,
42.74276,
42.60337,
42.70857,
43.04784,
43.29243,
43.30032,
43.18197,
43.00576,
42.80062,
42.60863,
42.61389,
42.91371,
43.22405,
43.30032,
43.22668,
43.08203,
42.87426,
42.66386,
42.58233,
42.79799,
43.14252,
43.29506,
43.24772,
43.11622,
42.93475,
42.72435,
42.5797,
42.68753,
43.03206,
43.27928,
43.29243,
43.17408,
42.98735,
42.78484,
42.60863,
42.62178,
42.91371,
43.22405,
43.30558,
43.22405,
43.07151,
42.86374,
42.6586,
42.58496,
42.80325,
43.1583,
43.32136,
43.26876,
43.12411,
42.93475,
42.7375,
42.606,
42.70857,
43.04521,
43.2898,
43.30295,
43.18723,
43.02154,
42.8164,
42.62441,
42.62704,
42.92686,
43.25035,
43.33451,
43.24509,
43.08992,
42.89793,
42.69016,
42.59022,
42.78747,
43.14515,
43.32399,
43.28454,
43.14252,
42.95316,
42.75065,
42.60337,
42.69805,
43.03469,
43.29506,
43.3161,
43.19775,
43.02417,
42.81903,
42.6323,
42.62704,
42.91371,
43.22931,
43.32136,
43.25298,
43.11096,
42.90845,
42.70331,
42.61389,
42.82692,
43.19512,
43.37922,
43.3424,
43.19775,
43.00839,
42.80588,
42.6586,
42.74539,
43.0794,
43.33451,
43.36081,
43.25035,
43.0794,
42.87426,
42.67964,
42.67175,
42.95842,
43.27139,
43.35555,
43.27139,
43.11359,
42.8953,
42.67175,
42.56918,
42.76117,
43.11096,
43.29506,
43.27665,
43.14515,
42.94264,
42.72961,
42.58759,
42.68753,
43.02417,
43.28191,
43.30032,
43.18723,
43.02154,
42.81903,
42.62704,
42.606,
42.87426,
43.19512,
43.29506,
43.21616,
43.06362,
42.86637,
42.66649,
42.57444,
42.7638,
43.10833,
43.28191,
43.25035,
43.12148,
42.94001,
42.73487,
42.5797,
42.66123,
42.99524,
43.25298,
43.27928,
43.16882,
42.99524,
42.79536,
42.61389,
42.59811,
42.87426,
43.20038,
43.30295,
43.23194,
43.08203,
42.8953,
42.70068,
42.59285,
42.7638,
43.11622,
43.30295,
43.27402,
43.14252,
42.95579,
42.75591,
42.61126,
42.68753,
43.00839,
43.26613,
43.29506,
43.1846,
43.02943,
42.86374,
42.70068,
42.67438,
42.90845,
43.19512,
43.27928,
43.2109,
43.07414,
42.90845,
42.80062,
42.85848,
43.23457,
43.80791,
44.22871,
44.4207,
44.45226,
44.34706,
44.10247,
43.76057,
43.5528,
43.60277,
43.67115,
43.59488,
43.44497,
43.29243,
43.14778,
43.02154,
43.0268,
43.28717,
43.58962,
43.65011,
43.53176,
43.34766,
43.12148,
42.90319,
42.79273,
42.96105,
43.30821,
43.49494,
43.46864,
43.33451,
43.14252,
42.92949,
42.76117,
42.82955,
43.1583,
43.42919,
43.46338,
43.35292,
43.17934,
42.97946,
42.79536,
42.76117,
43.02154,
43.3424,
43.44497,
43.37922,
43.2372,
43.04521,
42.83744,
42.72435,
42.89793,
43.25298,
43.44497,
43.4213,
43.30032,
43.12148,
42.9216,
42.77169,
42.8427,
43.16356,
43.43708,
43.47653,
43.3687,
43.20038,
43.00313,
42.8164,
42.78221,
43.03995,
43.37396,
43.49231,
43.42656,
43.28191,
43.08729,
42.88478,
42.77695,
42.94001,
43.28717,
43.48968,
43.48179,
43.36344,
43.17408,
42.96631,
42.80851,
42.87426,
43.20038,
43.48442,
43.52913,
43.4213,
43.25298,
43.05836,
42.87689,
42.8427,
43.09781,
43.43182,
43.55543,
43.49757,
43.36081,
43.17408,
42.9742,
42.85322,
43.00839,
43.3687,
43.58436,
43.5791,
43.46338,
43.28717,
43.08466,
42.92949,
42.99261,
43.31084,
43.59751,
43.65537,
43.56332,
43.395,
43.19512,
43.01628,
42.98735,
43.24246,
43.5791,
43.70008,
43.62381,
43.4739,
43.29243,
43.09781,
42.97946,
43.132,
43.48442,
43.69482,
43.6843,
43.56595,
43.38448,
43.17408,
43.00576,
43.05047,
43.36344,
43.65274,
43.7106,
43.61329,
43.43445,
43.22142,
43.0268,
42.97683,
43.21353,
43.53702,
43.65274,
43.57384,
43.41078,
43.21353,
43.01365,
42.88478,
43.01628,
43.35555,
43.55806,
43.53702,
43.40552,
43.21879,
43.00313,
42.82955,
42.86637,
43.16619,
43.44234,
43.48968,
43.37659,
43.20564,
43.00576,
42.81903,
42.76117,
42.99261,
43.32925,
43.45812,
43.39237,
43.24246,
43.0531,
42.85585,
42.73224,
42.87163,
43.22142,
43.42919,
43.41078,
43.28717,
43.11622,
42.91897,
42.74802,
42.7901,
43.10307,
43.38974,
43.43445,
43.33188,
43.17671,
42.98998,
42.81114,
42.75065,
42.96894,
43.30032,
43.44234,
43.38711,
43.24509,
43.06099,
42.86374,
42.74276,
42.87952,
43.21353,
43.4213,
43.4213,
43.31084,
43.13463,
42.92423,
42.75065,
42.78747,
43.09781,
43.395,
43.45286,
43.34503,
43.17145,
42.97683,
42.79799,
42.75328,
42.98735,
43.3161,
43.44497,
43.38711,
43.24246,
43.0531,
42.85322,
42.72698,
42.85585,
43.20301,
43.4213,
43.41078,
43.29769,
43.132,
42.9216,
42.74539,
42.77958,
43.08729,
43.37922,
43.43445,
43.33714,
43.17671,
42.98209,
42.79536,
42.7375,
42.95842,
43.29243,
43.43182,
43.37659,
43.23194,
43.04258,
42.8427,
42.71383,
42.84796,
43.19512,
43.41867,
43.41867,
43.30295,
43.13989,
42.94001,
42.76117,
42.78747,
43.09518,
43.39763,
43.46601,
43.37133,
43.20827,
43.00313,
42.80851,
42.74013,
42.95842,
43.30032,
43.44497,
43.395,
43.26087,
43.08203,
42.88741,
42.76117,
42.88215,
43.21879,
43.44234,
43.43445,
43.30821,
43.13463,
42.94001,
42.77169,
42.79273,
43.0794,
43.36607,
43.42919,
43.3424,
43.19249,
43.00313,
42.81377,
42.74539,
42.96368,
43.30032,
43.44497,
43.395,
43.25298,
43.05836,
42.86637,
42.74013,
42.85848,
43.19249,
43.41604,
43.41604,
43.29769,
43.12411,
42.9216,
42.74802,
42.77169,
43.06625,
43.36081,
43.42919,
43.33714,
43.17671,
42.98472,
42.79536,
42.72172,
42.93212,
43.26613,
43.41341,
43.3687,
43.22931,
43.04784,
42.85059,
42.72435,
42.83744,
43.16093,
43.38448,
43.395,
43.28454,
43.11885,
42.91897,
42.74013,
42.74802,
43.03206,
43.32925,
43.395,
43.30558,
43.15567,
42.96631,
42.77695,
42.70857,
42.91371,
43.24509,
43.395,
43.3424,
43.19775,
43.01891,
42.83744,
42.70331,
42.80588,
43.13726,
43.37133,
43.37922,
43.26087,
43.08466,
42.88741,
42.71646,
42.72172,
43.00576,
43.31084,
43.395,
43.32136,
43.17408,
42.99261,
42.81377,
42.74539,
42.95316,
43.28717,
43.43971,
43.38974,
43.24246,
43.05836,
42.86374,
42.7375,
42.84533,
43.16619,
43.40026,
43.41341,
43.31084,
43.1583,
42.96368,
42.77169,
42.75854,
43.0268,
43.3161,
43.38974,
43.30558,
43.15041,
42.95316,
42.75591,
42.68227,
42.88741,
43.22142,
43.37133,
43.32662,
43.18723,
43.0005,
42.81114,
42.67964,
42.77169,
43.08729,
43.31873,
43.32662,
43.21616,
43.0531,
42.85848,
42.68227,
42.67964,
42.95842,
43.2635,
43.34503,
43.26613,
43.11885,
42.92686,
42.72961,
42.64282,
42.83744,
43.17145,
43.33188,
43.2898,
43.14778,
42.96368,
42.77958,
42.64808,
42.74013,
43.0531,
43.29243,
43.31347,
43.20564,
43.04521,
42.86111,
42.6849,
42.67964,
42.95842,
43.26087,
43.33714,
43.25824,
43.11096,
42.91897,
42.73224,
42.65334,
42.84007,
43.16619,
43.32136,
43.28191,
43.15041,
42.9742,
42.79273,
42.65334,
42.72961,
43.03995,
43.28717,
43.3161,
43.20564,
43.03469,
42.82955,
42.62441,
42.59285,
42.85059,
43.16619,
43.28717,
43.30295,
43.32136,
43.33714,
43.36344,
43.50283,
43.90522,
44.40755,
44.6574,
44.59165,
44.28394,
43.82369,
43.35029,
43.00839,
42.99787,
43.2898,
43.53439,
43.58699,
43.51861,
43.37922,
43.19512,
43.00313,
42.9479,
43.16356,
43.42393,
43.47653,
43.37133,
43.21616,
43.0268,
42.83218,
42.7375,
42.91634,
43.2372,
43.38711,
43.34766,
43.21616,
43.03206,
42.83481,
42.69016,
42.76906,
43.08466,
43.32925,
43.35029,
43.24246,
43.08729,
42.90582,
42.73224,
42.72172,
42.98998,
43.29243,
43.37922,
43.30295,
43.16093,
42.9742,
42.78484,
42.69542,
42.87952,
43.21353,
43.38711,
43.35818,
43.23194,
43.06099,
42.87426,
42.73487,
42.81114,
43.12411,
43.37133,
43.395,
43.29243,
43.14252,
42.95842,
42.76906,
42.74013,
43.00576,
43.32136,
43.41867,
43.3424,
43.20301,
43.0268,
42.84007,
42.74276,
42.9216,
43.2635,
43.43708,
43.40026,
43.27139,
43.10833,
42.92686,
42.79273,
42.869,
43.17671,
43.42656,
43.46075,
43.36081,
43.20038,
43.01891,
42.85322,
42.83481,
43.09518,
43.40552,
43.50809,
43.44234,
43.30295,
43.12674,
42.94264,
42.85322,
43.03995,
43.38185,
43.56332,
43.54228,
43.4213,
43.23983,
43.03732,
42.88741,
42.97157,
43.29506,
43.55806,
43.59488,
43.49231,
43.32925,
43.14252,
42.97157,
42.95579,
43.21879,
43.5265,
43.62118,
43.55543,
43.41604,
43.22668,
43.02943,
42.93475,
43.10833,
43.43708,
43.60803,
43.5791,
43.45549,
43.27928,
43.08466,
42.93738,
43.00839,
43.31347,
43.55806,
43.58173,
43.46601,
43.30032,
43.10307,
42.90845,
42.87163,
43.11885,
43.41867,
43.50546,
43.42393,
43.27139,
43.07414,
42.86374,
42.75328,
42.91371,
43.2372,
43.40289,
43.37133,
43.24246,
43.05836,
42.85848,
42.7112,
42.77695,
43.07677,
43.32136,
43.34766,
43.24772,
43.08729,
42.90319,
42.72698,
42.68753,
42.92949,
43.24246,
43.33977,
43.27139,
43.13463,
42.95316,
42.7638,
42.66649,
42.83481,
43.16882,
43.34503,
43.3161,
43.19775,
43.03206,
42.84007,
42.69016,
42.75328,
43.05836,
43.31084,
43.34503,
43.24772,
43.09255,
42.90582,
42.73224,
42.70594,
42.95842,
43.26876,
43.3687,
43.30032,
43.15567,
42.96894,
42.77958,
42.67964,
42.84533,
43.17934,
43.35555,
43.32925,
43.20564,
43.03469,
42.83744,
42.68753,
42.76117,
43.07414,
43.31873,
43.34766,
43.24509,
43.07677,
42.88741,
42.72172,
42.69542,
42.94001,
43.25561,
43.35818,
43.28717,
43.15041,
42.96368,
42.76643,
42.66912,
42.83481,
43.16093,
43.33714,
43.30558,
43.17671,
43.00576,
42.81903,
42.67438,
42.74013,
43.04258,
43.30558,
43.3424,
43.23983,
43.07677,
42.88215,
42.70331,
42.66649,
42.91108,
43.22668,
43.33188,
43.26613,
43.13989,
42.96368,
42.75854,
42.63756,
42.7901,
43.12937,
43.3161,
43.2898,
43.16619,
42.98998,
42.79799,
42.64808,
42.70594,
43.00576,
43.26876,
43.30295,
43.19249,
43.02943,
42.84796,
42.67701,
42.64282,
42.89004,
43.20038,
43.30295,
43.2372,
43.1057,
42.93212,
42.74276,
42.62704,
42.77695,
43.10833,
43.28717,
43.26876,
43.1583,
42.98998,
42.79799,
42.64282,
42.69279,
42.98472,
43.23983,
43.28191,
43.18986,
43.03206,
42.84007,
42.6586,
42.62178,
42.86374,
43.18197,
43.29506,
43.2372,
43.1057,
42.91897,
42.71909,
42.60074,
42.75328,
43.08729,
43.27402,
43.25298,
43.13726,
42.97157,
42.77432,
42.61652,
42.67438,
42.98735,
43.25561,
43.28717,
43.17934,
43.02943,
42.85848,
42.67438,
42.62178,
42.86111,
43.18197,
43.29506,
43.22931,
43.08729,
42.90582,
42.71646,
42.60337,
42.75591,
43.09255,
43.27928,
43.25824,
43.15041,
42.98472,
42.78221,
42.62441,
42.67701,
42.97683,
43.24509,
43.29243,
43.19775,
43.04258,
42.85848,
42.6849,
42.63756,
42.87163,
43.19775,
43.32136,
43.25561,
43.1057,
42.91634,
42.72172,
42.61126,
42.76117,
43.09518,
43.28717,
43.27402,
43.16093,
42.99524,
42.79536,
42.6323,
42.68227,
42.98735,
43.25298,
43.29243,
43.18986,
43.03206,
42.85322,
42.67964,
42.63493,
42.86374,
43.17934,
43.29769,
43.23983,
43.11096,
42.94001,
42.76117,
42.65334,
42.79799,
43.12937,
43.32662,
43.32136,
43.20564,
43.02943,
42.82955,
42.66912,
42.71909,
43.01628,
43.27928,
43.32399,
43.22931,
43.06888,
42.89004,
42.72172,
42.67701,
42.90319,
43.21616,
43.32136,
43.24246,
43.09518,
42.91108,
42.70857,
42.57444,
42.71383,
43.05047,
43.25561,
43.25298,
43.15041,
42.98472,
42.78221,
42.61389,
42.6586,
42.96105,
43.22668,
43.26613,
43.16882,
43.01102,
42.81903,
42.63756,
42.59811,
42.83481,
43.14515,
43.25298,
43.19512,
43.06099,
42.88215,
42.69279,
42.57444,
42.71909,
43.05573,
43.25298,
43.23983,
43.11885,
42.95316,
42.76117,
42.59548,
42.6323,
42.92423,
43.20301,
43.26876,
43.17671,
43.01628,
42.82955,
42.64545,
42.58759,
42.81377,
43.14515,
43.27402,
43.22405,
43.09255,
42.91371,
42.72435,
42.60337,
42.72961,
43.0531,
43.25035,
43.23983,
43.132,
42.96894,
42.77169,
42.60337,
42.64282,
42.93212,
43.19512,
43.24246,
43.1583,
43.02417,
42.85059,
42.66912,
42.60337,
42.79799,
43.08729,
43.19512,
43.13726,
43.0268,
42.92949,
42.88741,
42.96631,
43.31873,
43.87629,
44.29446,
44.46541,
44.46015,
44.27605,
43.91311,
43.48705,
43.26087,
43.35818,
43.5265,
43.53439,
43.42656,
43.29769,
43.15567,
43.0005,
42.95579,
43.18197,
43.47916,
43.55806,
43.43971,
43.25561,
43.0531,
42.84533,
42.72435,
42.869,
43.20301,
43.40026,
43.38448,
43.2635,
43.09255,
42.8953,
42.72961,
42.76643,
43.06625,
43.33451,
43.37659,
43.27402,
43.11096,
42.93212,
42.75328,
42.69805,
42.9216,
43.24509,
43.37659,
43.32662,
43.19249,
43.01365,
42.82429,
42.7112,
42.84796,
43.17408,
43.37133,
43.36607,
43.2635,
43.10307,
42.89793,
42.72435,
42.75854,
43.06362,
43.35029,
43.40552,
43.30558,
43.14778,
42.96105,
42.78484,
42.73487,
42.96105,
43.28191,
43.41341,
43.36607,
43.23457,
43.05573,
42.86111,
42.7375,
42.87426,
43.20564,
43.40815,
43.40289,
43.29769,
43.14252,
42.95053,
42.78221,
42.81903,
43.11885,
43.39763,
43.45286,
43.36344,
43.21616,
43.03469,
42.85585,
42.80588,
43.03206,
43.36344,
43.5002,
43.45286,
43.31873,
43.13989,
42.94264,
42.82429,
42.96894,
43.30558,
43.51598,
43.50546,
43.38974,
43.22668,
43.03469,
42.87689,
42.9216,
43.23194,
43.51861,
43.57384,
43.48179,
43.33188,
43.14778,
42.96894,
42.91634,
43.13989,
43.46601,
43.59488,
43.53965,
43.40289,
43.22142,
43.03206,
42.91634,
43.05573,
43.38974,
43.60014,
43.58962,
43.46864,
43.29769,
43.10307,
42.94001,
42.97683,
43.27402,
43.55017,
43.60277,
43.50546,
43.33714,
43.14515,
42.96894,
42.90845,
43.11622,
43.42919,
43.5528,
43.47916,
43.32399,
43.13989,
42.9479,
42.81114,
42.92423,
43.24772,
43.45023,
43.43445,
43.30821,
43.13463,
42.93475,
42.75854,
42.77695,
43.06625,
43.34766,
43.395,
43.29769,
43.14778,
42.96894,
42.78484,
42.71646,
42.92686,
43.24246,
43.37659,
43.32925,
43.20301,
43.02417,
42.82166,
42.67964,
42.80062,
43.132,
43.33714,
43.33977,
43.23457,
43.07151,
42.87689,
42.7112,
42.7375,
43.02943,
43.31347,
43.3687,
43.27402,
43.12148,
42.94527,
42.76906,
42.70857,
42.92423,
43.24509,
43.37659,
43.32399,
43.19512,
43.01628,
42.81903,
42.6849,
42.80851,
43.13463,
43.34503,
43.34503,
43.23983,
43.0794,
42.88478,
42.70594,
42.72961,
43.0268,
43.31084,
43.3687,
43.27928,
43.132,
42.95316,
42.76906,
42.70857,
42.9216,
43.23457,
43.36081,
43.30558,
43.16882,
42.99787,
42.81114,
42.67964,
42.80062,
43.13463,
43.35029,
43.35029,
43.2372,
43.06625,
42.86374,
42.69016,
42.7112,
43.00576,
43.29243,
43.35029,
43.25561,
43.10307,
42.9216,
42.7375,
42.67175,
42.88741,
43.21879,
43.35292,
43.29243,
43.15041,
42.97683,
42.79536,
42.67175,
42.78747,
43.10833,
43.31873,
43.3161,
43.20564,
43.04258,
42.84796,
42.67438,
42.70068,
42.99524,
43.27928,
43.33977,
43.25824,
43.11096,
42.91634,
42.72961,
42.67175,
42.89004,
43.21616,
43.35818,
43.30821,
43.16882,
42.99261,
42.79536,
42.66123,
42.78221,
43.11096,
43.32136,
43.31873,
43.20564,
43.03995,
42.8427,
42.67701,
42.70068,
42.98735,
43.26876,
43.33451,
43.24772,
43.09255,
42.90845,
42.72961,
42.66649,
42.88215,
43.20301,
43.33188,
43.28191,
43.14778,
42.96894,
42.77958,
42.64808,
42.76906,
43.10044,
43.31347,
43.30821,
43.19775,
43.04258,
42.85059,
42.67438,
42.69805,
42.99524,
43.27665,
43.33977,
43.25035,
43.09518,
42.91108,
42.73224,
42.67175,
42.87952,
43.20038,
43.33714,
43.29243,
43.16093,
42.98472,
42.7901,
42.65334,
42.76906,
43.09781,
43.3161,
43.3161,
43.20564,
43.04521,
42.85848,
42.69279,
42.70857,
42.98735,
43.27139,
43.33977,
43.25035,
43.09518,
42.91108,
42.72172,
42.64808,
42.86374,
43.19512,
43.32399,
43.26087,
43.12937,
42.96368,
42.77695,
42.64282,
42.75328,
43.07677,
43.2898,
43.29769,
43.19775,
43.03995,
42.84007,
42.66386,
42.67701,
42.95579,
43.23983,
43.31347,
43.24246,
43.1057,
42.93212,
42.75328,
42.69542,
42.91371,
43.2372,
43.36344,
43.30558,
43.16882,
42.98472,
42.78221,
42.65334,
42.78221,
43.11885,
43.33714,
43.33714,
43.22931,
43.06362,
42.869,
42.69805,
42.70594,
42.97946,
43.25824,
43.31084,
43.20564,
43.03995,
42.84796,
42.66386,
42.60863,
42.83218,
43.1583,
43.29506,
43.24509,
43.10833,
42.92949,
42.74276,
42.62704,
42.74802,
43.06888,
43.27402,
43.27402,
43.16619,
42.99787,
42.80062,
42.62967,
42.64282,
42.91897,
43.20564,
43.27139,
43.17934,
43.0268,
42.84533,
42.66386,
42.59811,
42.81114,
43.132,
43.26613,
43.21879,
43.09518,
42.92686,
42.74013,
42.606,
42.71646,
43.04521,
43.25298,
43.24509,
43.13989,
42.98472,
42.80325,
42.63493,
42.65597,
42.94001,
43.21879,
43.27928,
43.18986,
43.03732,
42.85585,
42.67964,
42.61389,
42.82166,
43.14515,
43.28191,
43.22931,
43.10044,
42.92686,
42.74013,
42.60337,
42.71383,
43.03995,
43.26613,
43.29243,
43.20038,
43.03732,
42.8164,
42.606,
42.61126,
42.90319,
43.20038,
43.31084,
43.32925,
43.33714,
43.35029,
43.38448,
43.5528,
43.97623,
44.45226,
44.66792,
44.55483,
44.18663,
43.69745,
43.23983,
42.93475,
42.96105,
43.25824,
43.5002,
43.55543,
43.48705,
43.33188,
43.12937,
42.93212,
42.91371,
43.1583,
43.40026,
43.42919,
43.31873,
43.16093,
42.98472,
42.79799,
42.71646,
42.9216,
43.24509,
43.3687,
43.30032,
43.1583,
42.97946,
42.7901,
42.66386,
42.78221,
43.10833,
43.32662,
43.33188,
43.22405,
43.06099,
42.87163,
42.70857,
42.73487,
43.01628,
43.29506,
43.36081,
43.28454,
43.14515,
42.95842,
42.76906,
42.70331,
42.91634,
43.24509,
43.38185,
43.33714,
43.2109,
43.03732,
42.85322,
42.72698,
42.8427,
43.16882,
43.38448,
43.38711,
43.28191,
43.12674,
42.94001,
42.77432,
42.79273,
43.0794,
43.37133,
43.43971,
43.34503,
43.18723,
43.00576,
42.82429,
42.75854,
42.96894,
43.29769,
43.43708,
43.38974,
43.2635,
43.08992,
42.89793,
42.77432,
42.90319,
43.23983,
